Bat : 0 =  lhs : 0 1 0  rhs : 0 0 0 0 0 0 0 0 0 0 0 0 0 0 0 0 0 0 0 0 0 0 0 0 0 0 0 0 0 0 0 0 0 0 0 39 23  with fitness = 2.99
Bat : 1 =  lhs : 20 12 0 0 0 34 0 0 0 0 35 29 27 0 28 16 0 0 0 0 19  rhs : 24 0 0 0 0 0 0 0 17 0 10 0 0 0 0 0 0 9 0  with fitness = 2.99




Bat : 6 =  lhs : 20 19 18 0 0 0 0 0 0 0 0 0 0 0 0 0 0 0 0 0 0  rhs : 0 0 0 0 0 0 0 0 0 0 0 0 0 0 0 0 0 25 27  with fitness = 2.99


Bat : 9 =  lhs : 1 0  rhs : 0 0 0 0 0 0 0 0 0 0 0 0 0 0 0 0 0 0 0 0 0 0 0 0 0 0 0 0 0 0 0 0 0 0 0 0 0 3  with fitness = 2.99



Bat : 13 =  lhs : 13 12 11 10 9 8 7 6 5 4 0 0 0 0  rhs : 0 0 0 0 0 0 0 0 0 0 0 0 0 0 0 0 0 0 0 0 0 0 0 0 0 3  with fitness = 2.99


Bat : 16 =  lhs : 31 30 29 28 27 26 25 24 23 22 21 20 19 18 17 0 0 0 0 0 0 0 0 0 0 0 0 0 0 0 0 0  rhs : 0 0 0 0 0 0 5 0  with fitness = 2.99




Bat : 21 =  lhs : 35 34 0 0 0 0 0 0 0 0 0 0 0 0 0 0 0 0 0 0 0 0 0 0 0 0 0 0 0 0 0 0 0 0 0 0  rhs : 0 0 14 0  with fitness = 2.99









Bat : 31 =  lhs : 29 28 27 26 25 24 23 22 21 20 19 18 17 0 0 0 0 0 0 0 0 0 0 0 0 0 0 0 0 0  rhs : 0 0 0 0 0 0 16 0 39 0  with fitness = 2.99

Bat : 33 =  lhs : 25 0 0 20 0 0 0 0 0 0 0 0 5 37 0 4 0 0 0 0 0  rhs : 0 0 0 0 0 0 0 0 0 0 0 0 0 0 0 0 0 22 17  with fitness = 2.99


















Bat : 52 =  lhs : 13 20 0 0 0 0 23 0 0 0 0 6 10 26 0 3 0 29 8 1 4  rhs : 33 30 0 0 34 0 0 0 0 0 0 0 38 19 0 0 32 11 0  with fitness = 2.99

Bat : 54 =  lhs : 13 33 0 0 0 0 26 0 0 0 0 0 0 32 0 0 15 0 23 0 4  rhs : 0 10 2 0 25 0 0 0 0 0 0 0 0 0 0 0 0 0 0  with fitness = 2.99

Bat : 56 =  lhs : 17 16 15 0 0 0 0 0 0 0 0 0 0 0 0 0 0 0  rhs : 0 0 0 0 0 0 0 0 0 0 0 0 0 0 0 0 0 0 0 0 14 0  with fitness = 2.99



Bat : 60 =  lhs : 0 0 0 0 0 15 0 0 30 0 0 0 0 0 12 0 0 0 0 0 0  rhs : 37 28 0 0 0 0 22 0 1 0 0 0 32 0 6 21 0 0 0  with fitness = 2.99
Bat : 61 =  lhs : 38 37 0 0 0 0 0 0 0 0 0 0 0 0 0 0 0 0 0 0 0 0 0 0 0 0 0 0 0 0 0 0 0 0 0 0  rhs : 0 0 4 0  with fitness = 2.99
Bat : 62 =  lhs : 31 30 29 28 27 26 25 24 23 0 0 0 0 0 0 0 0 0 0 0 0 0 0 0 0 0 0 0 0 0 0 0  rhs : 0 0 0 0 0 0 0 39  with fitness = 2.99



Bat : 66 =  lhs : 0 19 18 0 0 0 0 0 0 0 0 0 0 0 0 0 0 0 0 0 0  rhs : 0 0 0 0 0 0 0 0 0 0 0 0 0 0 0 0 0 0 21  with fitness = 2.99
Bat : 67 =  lhs : 29 28 9 0 33 0 4 8 24 0 0 5 0 0 0 0 38 0 18 0 0  rhs : 0 0 36 0 39 0 0 14 0 23 22 21 0 10 35 0 0 0 0  with fitness = 2.99









Bat : 77 =  lhs : 0 0 40 34 0 0 0 0 19 14 0 0 21 0 0 0 0 39 22 0 0  rhs : 0 7 35 38 0 0 8 1 3 27 29 13 12 11 10 9 0 0 0  with fitness = 2.99
Bat : 78 =  lhs : 0 35 34 33 32 31 30 29 28 0 0 0 0 0 0 0 20 19 18 17 0  rhs : 0 0 0 0 0 0 0 0 0 0 0 0 0 0 0 0 0 0 16  with fitness = 2.99
Bat : 79 =  lhs : 15 14 13 0 0 0 0 0 0 0 0 0 0 0 0 0  rhs : 0 0 0 0 0 0 0 0 0 0 0 0 0 0 0 0 0 0 0 0 0 0 4 0  with fitness = 2.99

Bat : 81 =  lhs : 0 8 7 6 5 4 3 2 1 0  rhs : 0 0 0 0 0 0 0 0 0 0 0 0 0 0 0 0 0 0 0 0 0 0 0 0 0 0 0 0 13 0  with fitness = 2.99
Bat : 82 =  lhs : 0 0 40 0 0 27 4 12 10 0 0 0 33 0 2 0 0 0 0 0 24  rhs : 14 13 0 0 0 0 0 0 0 0 0 0 0 0 0 0 0 0 0  with fitness = 2.99
Bat : 83 =  lhs : 18 17 16 15 14 0 0 0 0 0 0 0 0 0 0 0 0 0 0  rhs : 0 0 0 0 0 0 0 0 0 0 0 0 0 0 0 0 0 0 0 13 0  with fitness = 2.99



Bat : 87 =  lhs : 14 0 0 27 7 0 29 40 0 0 0 0 0 15 39 37 33 0 9 0 10  rhs : 0 0 0 0 31 32 0 0 0 0 0 0 0 0 0 8 0 0 0  with fitness = 2.99


Bat : 90 =  lhs : 0 0 0 0 30 0 26 0 24 10 0 0 0 38 0 0 15 3 36 0 0  rhs : 0 11 0 0 39 6 0 0 37 40 0 0 0 17 0 0 0 18 0  with fitness = 2.99

Bat : 92 =  lhs : 20 31 39 38 37 36 0 0 0 0 0 0 0 0 0 0 0 0 0 0 0  rhs : 0 0 0 0 0 0 0 0 0 0 0 0 0 0 0 0 0 5 0  with fitness = 2.99
Bat : 93 =  lhs : 0 32 0 0 0 0 0 0 0 0 0 0 0 0 0 0 0 0 0 0 0  rhs : 0 0 0 0 0 0 0 0 0 0 0 0 0 0 11 40 18 19 0  with fitness = 2.99



Bat : 97 =  lhs : 19 18 17 16 15 14 13 12 0 0 0 0 0 0 0 0 0 0 0 0  rhs : 0 0 0 0 0 0 0 0 0 0 0 0 0 0 0 0 0 0 27 23  with fitness = 2.99


