215 
38 40 168 204 241 248 
35 191 
18 19 21 22 23 75 79 82 86 91 95 98 105 107 108 115 119 122 123 125 127 129 130 141 153 155 161 163 169 173 179 184 192 197 205 213 219 226 228 229 231 232 235 240 245 
8 25 28 49 54 170 171 181 
5 6 12 13 14 15 17 20 27 33 55 56 66 77 78 87 90 99 100 101 102 103 106 109 110 112 113 116 128 131 132 136 138 139 142 146 151 154 159 165 166 167 172 178 186 187 188 194 196 199 201 212 214 
4 16 34 39 41 42 43 58 61 62 64 65 80 137 147 156 177 202 206 207 239 242 243 244 246 249 251 
2 36 37 57 59 60 63 70 81 83 84 85 93 104 111 114 118 120 121 126 133 134 135 140 149 164 174 180 189 193 195 211 218 221 227 233 234 236 237 250 
1 10 11 26 29 31 44 47 51 52 53 68 71 72 76 88 92 94 143 148 150 160 185 198 203 210 217 223 
0 3 7 9 24 30 32 45 46 48 50 67 69 73 74 89 96 97 117 124 144 145 152 157 158 162 175 176 182 183 190 200 208 209 216 220 222 224 225 230 238 247 
95 
44 48 225 
38 40 251 
21 60 112 167 174 179 186 191 248 250 
9 17 34 37 57 83 103 108 117 120 151 154 162 165 205 218 221 224 241 242 243 
5 7 11 13 32 33 36 43 55 62 63 65 67 77 79 80 82 86 88 89 91 93 105 107 139 146 156 161 168 180 187 188 192 195 199 202 211 213 220 226 228 229 231 236 239 246 
4 6 12 24 25 29 31 47 81 84 90 94 104 114 119 122 123 124 125 129 130 132 135 137 138 141 142 150 153 155 166 170 172 173 184 190 208 209 214 216 222 232 233 249 
2 15 22 26 49 52 73 74 140 148 158 160 163 171 175 176 181 197 230 240 
1 3 8 10 14 18 19 20 30 39 42 45 53 54 56 58 59 61 64 68 70 71 72 75 76 78 85 87 92 96 97 98 99 100 102 106 110 116 118 121 128 134 143 144 147 149 157 159 164 177 178 185 189 193 198 200 203 207 212 215 217 227 234 235 237 238 244 245 247 
0 16 23 27 28 35 41 46 50 51 66 69 101 109 111 113 115 126 127 131 133 136 145 152 169 182 183 194 196 201 204 206 210 219 223 
181 240 
174 225 
151 158 165 
44 205 
21 40 167 179 188 246 
8 13 16 17 33 34 39 43 57 60 64 95 99 100 112 120 164 168 186 191 207 211 221 224 
3 5 9 10 11 14 18 19 20 32 35 36 37 42 55 59 61 62 65 82 89 93 96 103 105 107 108 117 118 121 125 126 128 134 139 144 146 147 149 156 162 169 177 178 187 192 193 195 198 204 206 213 218 220 227 228 229 232 237 239 241 242 243 250 251 
2 15 22 31 46 48 49 50 51 52 73 77 81 84 101 109 115 130 148 152 160 163 171 183 209 216 217 219 233 235 247 
1 7 12 24 25 38 41 56 58 63 68 76 79 86 87 88 91 92 102 106 110 116 119 122 124 127 131 132 133 135 136 137 141 145 150 153 154 157 159 161 166 172 173 180 182 184 185 189 199 200 202 203 210 215 226 231 234 236 238 244 248 
0 4 6 23 26 27 28 29 30 45 47 53 54 66 67 69 70 71 72 74 75 78 80 83 85 90 94 97 98 104 111 113 114 123 129 138 140 142 143 155 170 175 176 190 194 196 197 201 208 212 214 222 223 230 245 249 
179 
44 49 50 51 148 171 225 247 
38 
21 37 39 41 56 59 63 65 82 93 95 110 111 117 118 120 121 122 124 126 127 128 132 133 134 137 145 147 154 162 164 177 178 185 189 192 193 195 199 203 204 206 215 224 226 227 228 241 251 
11 17 18 19 33 34 53 57 151 167 186 191 205 221 246 
5 8 9 13 14 16 36 40 42 43 55 60 64 99 107 108 112 125 139 146 149 156 165 168 174 180 187 188 207 211 218 237 239 242 243 248 
2 22 26 46 47 48 54 69 89 101 130 152 158 160 163 181 214 217 219 222 233 240 
1 7 23 25 27 28 29 31 32 45 52 66 71 72 73 74 75 76 77 79 80 81 84 87 88 90 92 94 97 104 106 113 115 116 123 140 143 153 159 166 170 183 184 190 197 198 201 209 212 223 235 238 245 250 
0 3 4 6 10 12 15 20 24 30 35 58 61 62 67 68 70 78 83 85 86 91 96 98 100 102 103 105 109 114 119 129 131 135 136 138 141 142 144 150 155 157 161 169 172 173 175 176 182 194 196 200 202 208 210 213 216 220 229 230 231 232 234 236 244 249 
73 133 150 163 181 225 240 
40 221 
38 
30 85 
5 10 11 33 34 103 146 151 156 165 179 191 193 213 243 
2 4 8 9 13 17 19 21 32 37 39 41 42 62 64 76 80 83 88 89 93 94 105 108 111 112 118 119 120 137 139 147 149 152 154 157 159 161 167 168 174 177 178 180 186 188 192 195 196 199 200 202 203 205 215 220 232 239 242 244 251 
1 3 6 7 14 16 18 20 22 23 24 25 29 36 43 45 46 50 53 54 56 57 58 59 60 61 63 65 68 70 72 79 82 87 90 91 92 95 96 97 99 100 101 102 106 107 109 110 115 116 117 121 122 123 124 126 129 130 131 132 134 135 136 138 142 143 144 153 162 164 169 170 172 175 183 184 185 187 189 194 197 198 207 208 209 211 212 217 218 222 223 226 227 228 229 231 235 236 237 238 241 245 246 248 250 
0 12 15 26 27 28 31 35 44 47 48 49 51 52 55 66 67 69 71 74 75 77 78 81 84 86 98 104 113 114 125 127 128 140 141 145 148 155 158 160 166 171 173 176 182 190 201 204 206 210 214 216 219 224 230 233 234 247 249 
243 
191 
38 
33 34 146 149 151 179 180 193 221 246 
28 46 49 52 166 181 225 240 
22 23 24 26 27 29 32 44 48 51 54 66 67 73 74 104 125 127 133 136 143 148 150 158 163 170 171 175 182 201 208 210 219 223 230 233 234 247 
10 16 17 19 21 36 40 42 43 56 57 60 63 65 76 87 89 91 93 94 103 108 111 121 140 147 154 156 161 168 178 185 187 189 198 204 205 211 213 222 236 248 
4 5 9 13 37 39 41 64 95 118 139 164 165 167 174 177 186 188 227 237 241 242 250 251 
2 6 7 8 11 12 14 15 18 20 30 31 35 45 55 58 61 62 70 77 79 80 81 82 88 90 92 96 97 99 100 101 102 105 106 107 110 112 114 116 117 119 120 122 128 130 131 132 135 137 138 141 157 159 169 176 183 184 192 194 195 196 197 199 200 202 203 207 209 212 214 217 218 220 226 229 231 232 238 239 244 
0 1 3 25 47 50 53 59 68 69 71 72 75 78 83 84 85 86 98 109 113 115 123 124 126 129 134 142 144 145 152 153 155 160 162 172 173 190 206 215 216 224 228 235 245 249 
40 151 168 
38 
28 44 49 52 69 73 158 171 175 181 210 225 240 247 
23 25 26 46 47 48 50 51 53 54 66 67 72 75 77 78 80 81 85 98 105 127 148 152 160 163 170 182 190 208 216 217 219 223 230 234 235 245 
14 34 41 42 146 147 149 156 174 177 179 180 186 191 202 
5 11 12 13 16 17 18 19 20 21 33 36 37 43 64 65 111 118 137 139 162 164 165 167 178 187 193 204 205 211 218 221 227 237 242 243 246 
2 3 4 7 8 9 10 15 35 39 56 57 59 60 61 62 63 88 89 95 96 97 99 101 102 104 106 110 112 113 114 122 125 126 128 131 132 141 154 157 159 161 169 176 188 189 192 194 195 197 200 203 207 213 215 222 231 236 238 241 248 249 251 
0 1 6 22 24 27 29 30 31 32 45 55 58 68 70 71 74 76 79 82 83 84 86 87 90 91 92 93 94 100 103 107 108 109 115 116 117 119 120 121 123 124 129 130 133 134 135 136 138 140 142 143 144 145 150 153 155 166 172 173 183 184 185 196 198 199 201 206 209 212 214 220 224 226 228 229 232 233 239 244 250 
40 
38 
34 35 41 42 146 149 151 168 174 177 191 193 215 237 241 
26 28 44 46 48 49 51 52 54 73 152 158 163 171 175 181 210 225 230 240 247 
5 9 11 12 13 16 17 19 20 21 33 36 37 43 57 64 65 95 118 120 139 147 154 156 161 164 165 167 179 180 186 187 202 204 211 213 218 221 227 242 243 246 248 251 
1 2 3 4 6 8 10 14 15 18 29 30 31 39 50 55 56 59 60 61 62 63 70 77 78 79 82 88 89 90 91 93 94 96 99 100 101 102 103 104 106 107 108 109 110 111 112 113 116 119 121 125 126 128 129 131 132 134 135 137 138 140 141 142 144 155 157 159 162 169 172 173 178 185 188 189 192 195 197 198 200 203 205 206 207 212 224 228 231 232 233 236 239 244 249 250 
0 7 22 23 24 25 27 32 45 47 53 58 66 67 68 69 71 72 74 75 76 80 81 83 84 85 86 87 92 97 98 105 114 115 117 122 123 124 127 130 133 136 143 145 148 150 153 160 166 170 176 182 183 184 190 194 196 199 201 208 209 214 216 217 219 220 222 223 226 229 234 235 238 245 
215 241 
40 
38 
34 35 42 168 174 177 186 191 204 221 237 242 243 249 
22 24 26 28 44 46 49 73 143 148 152 158 171 181 
13 36 39 41 43 57 58 60 62 64 106 107 111 135 139 149 151 156 164 179 180 189 193 202 207 211 244 246 248 250 251 
4 5 14 16 17 19 20 21 33 37 55 56 59 61 63 65 77 78 79 80 82 83 84 90 91 93 95 99 100 103 104 112 120 121 128 132 137 140 146 147 154 161 165 167 187 188 192 195 205 206 213 218 224 227 231 233 234 235 236 239 
1 8 10 23 25 29 31 32 45 47 48 51 52 53 54 66 68 69 71 72 74 75 76 92 122 124 127 145 150 155 160 163 170 175 176 182 185 190 198 208 209 210 216 217 223 225 238 240 245 247 
0 2 3 6 7 9 11 12 15 18 27 30 50 67 70 81 85 86 87 88 89 94 96 97 98 101 102 105 108 109 110 113 114 115 116 117 118 119 123 125 126 129 130 131 133 134 136 138 141 142 144 153 157 159 162 166 169 172 173 178 183 184 194 196 197 199 200 201 203 212 214 219 220 222 226 228 229 230 232 
177 204 215 221 241 242 
49 181 
40 
38 
34 35 39 58 149 168 174 186 191 211 237 243 244 246 
22 23 24 25 26 44 46 47 50 51 52 54 66 68 71 73 152 158 163 185 225 247 
21 33 42 57 60 95 107 108 111 147 151 164 167 179 180 188 248 249 250 251 
5 6 11 13 17 18 19 20 36 37 41 43 55 59 61 62 63 64 65 79 82 87 93 99 100 103 104 106 120 128 132 135 139 142 156 161 165 178 187 189 192 193 199 200 202 205 207 213 218 224 227 228 231 235 236 239 
3 4 7 8 9 10 12 14 15 16 27 29 30 45 56 70 77 78 80 81 83 84 85 86 88 89 90 91 92 94 96 97 101 102 109 112 114 115 117 119 121 122 124 125 126 130 133 134 137 138 140 141 144 146 154 157 159 162 166 169 172 173 175 184 195 196 203 206 208 212 214 220 226 229 230 232 234 245 
0 1 2 28 31 32 48 53 67 69 72 74 75 76 98 105 110 113 116 118 123 127 129 131 136 143 145 148 150 153 155 160 170 171 176 182 183 190 194 197 198 201 209 210 216 217 219 222 223 233 238 240 
44 48 105 
40 167 
38 
11 13 14 19 33 39 55 57 58 64 65 82 91 95 99 100 103 104 112 117 120 121 128 139 146 147 149 162 164 165 168 180 185 188 192 204 207 211 218 224 231 234 236 237 239 244 246 248 251 
9 17 21 34 37 43 60 107 151 174 177 179 186 191 205 215 221 242 243 
2 4 22 24 46 47 49 50 51 53 73 109 138 152 160 171 181 209 216 225 233 240 247 
1 3 5 7 8 10 12 16 18 20 27 30 31 32 35 36 42 54 56 59 62 63 68 71 76 77 78 79 80 81 83 84 86 88 90 92 93 94 96 97 106 108 110 114 118 119 124 126 127 129 132 133 135 137 140 142 144 153 154 156 161 166 169 172 173 178 184 187 189 193 195 198 199 200 202 203 206 212 213 214 219 220 222 226 227 228 229 232 235 238 241 249 250 
0 6 15 23 25 26 28 29 41 45 52 61 66 67 69 70 72 74 75 85 87 89 98 101 102 111 113 115 116 122 123 125 130 131 134 136 141 143 145 148 150 155 157 158 159 163 170 175 176 182 183 190 194 196 197 201 208 210 217 223 230 245 
41 
5 8 9 10 11 19 30 34 45 53 60 72 89 94 95 96 100 103 106 107 108 118 120 128 132 137 139 144 151 154 155 161 165 179 180 184 186 191 193 203 205 211 214 227 
1 3 4 6 7 12 13 14 16 17 21 22 23 25 29 31 32 33 36 37 38 40 42 43 47 48 50 51 55 57 58 61 62 64 66 67 68 69 70 71 76 77 78 79 82 83 84 88 90 91 92 93 98 99 101 102 104 105 109 110 111 112 113 114 115 116 117 119 121 122 126 129 130 131 134 135 136 138 140 141 143 145 146 147 148 149 150 152 156 157 158 159 160 162 163 164 167 168 169 172 173 174 175 177 178 183 185 187 188 189 190 192 194 195 196 197 198 200 201 202 204 207 208 209 212 213 216 217 218 219 220 221 224 226 228 229 231 232 236 237 238 241 242 243 244 245 246 248 250 251 
0 2 15 18 20 24 26 27 28 35 39 44 46 49 52 54 56 59 63 65 73 74 75 80 81 85 86 87 97 123 124 125 127 133 142 153 166 170 171 176 181 182 199 206 210 215 222 223 225 230 233 234 235 239 240 247 249 
38 
34 40 151 177 191 
33 42 95 149 164 165 167 168 174 179 180 186 193 204 215 221 237 241 242 243 
22 26 28 44 46 48 49 51 52 54 73 158 163 171 181 210 223 225 240 247 
5 9 11 13 16 17 19 21 36 37 39 41 43 55 57 58 60 62 64 93 99 100 103 106 107 108 120 128 132 139 146 147 154 156 161 187 188 192 202 205 207 211 213 218 227 244 246 248 251 
1 3 4 6 7 8 10 12 14 18 20 30 32 35 56 59 61 63 65 70 77 79 82 83 84 88 89 90 91 94 96 101 102 104 109 110 111 112 114 116 117 118 119 121 126 130 131 134 135 137 138 140 141 144 155 157 159 162 169 172 173 178 184 185 189 195 197 199 200 203 212 214 224 226 228 229 231 232 235 236 239 249 250 
0 2 15 23 24 25 27 29 31 45 47 50 53 66 67 68 69 71 72 74 75 76 78 80 81 85 86 87 92 97 98 105 113 115 122 123 124 125 127 129 133 136 142 143 145 148 150 152 153 160 166 170 175 176 182 183 190 194 196 198 201 206 208 209 216 217 219 220 222 230 233 234 238 245 
83 84 86 247 248 249 250 251 
78 
77 79 80 81 82 85 87 238 239 240 241 242 243 244 245 246 
56 57 59 60 63 70 74 75 232 233 234 235 236 237 
55 58 61 62 64 65 66 67 68 69 71 72 73 76 95 107 120 142 218 219 220 221 222 223 224 225 226 227 228 229 230 231 
35 37 38 39 42 49 50 52 53 88 89 90 92 93 94 97 98 99 100 101 103 112 114 116 117 123 124 125 130 132 133 139 207 208 209 210 211 212 213 214 215 216 217 
33 34 36 40 41 43 45 46 48 51 54 91 102 104 105 106 108 109 110 111 113 115 118 119 121 122 126 127 128 129 131 134 135 137 138 140 141 181 182 183 184 185 186 187 188 189 190 191 192 193 194 195 196 197 198 199 200 201 202 203 204 205 206 
14 15 16 26 44 47 96 136 163 164 165 166 167 168 169 170 171 172 173 174 175 176 177 178 179 180 
12 13 17 18 19 20 21 22 23 24 27 29 30 31 155 156 157 158 159 160 161 162 
0 1 2 3 4 5 6 7 8 9 10 11 25 28 32 143 144 145 146 147 148 149 150 151 152 153 154 
215 
95 171 181 
35 191 
34 38 39 40 41 42 43 58 64 80 156 168 204 206 207 241 243 248 251 
8 25 28 31 49 54 148 170 223 
6 18 19 20 22 23 56 79 82 90 91 98 101 102 105 106 107 108 110 115 116 119 123 125 127 130 139 141 146 151 153 155 165 167 169 172 173 179 184 187 188 192 197 205 212 213 214 229 231 235 240 
4 16 37 57 60 61 62 63 65 81 83 84 85 111 114 118 120 126 133 135 137 147 164 177 180 202 211 221 233 234 237 239 242 244 246 249 250 
2 5 12 13 14 15 17 27 33 36 55 59 66 70 77 78 87 93 99 100 103 104 109 112 113 121 128 131 132 134 136 138 140 142 149 154 159 166 174 178 186 189 193 194 195 196 199 201 218 227 236 
1 3 10 11 26 29 44 50 51 52 53 68 71 72 76 88 92 94 96 143 144 150 152 157 160 175 185 198 203 208 210 217 
0 7 9 21 24 30 32 45 46 47 48 67 69 73 74 75 86 89 97 117 122 124 129 145 158 161 162 163 176 182 183 190 200 209 216 219 220 222 224 225 226 228 230 232 238 245 247 
