3 4 5 6 10 13 15 16 17 19 21 22 23 25 26 27 28 30 32 34 36 38 
1 2 3 4 6 7 9 11 12 13 16 20 21 22 25 27 28 31 33 37 38 
2 3 5 6 10 12 14 15 16 18 19 20 22 26 27 28 31 34 35 39 
1 4 6 7 8 9 10 11 12 15 18 20 21 22 24 25 27 35 36 37 38 39 
1 2 7 8 9 16 17 18 25 30 31 33 34 36 40 
3 4 6 7 9 10 11 18 22 24 25 27 31 32 34 35 36 37 38 
4 7 10 11 16 17 18 19 22 23 25 29 30 31 32 33 35 36 37 38 39 40 
3 4 5 7 9 10 11 12 13 15 16 17 20 21 24 26 28 33 34 35 39 40 
1 2 5 6 7 8 9 13 14 17 25 26 27 28 30 33 34 37 39 
6 8 9 10 11 15 16 17 21 24 28 34 36 38 
1 2 6 8 12 18 19 21 22 24 25 32 35 37 39 
4 5 6 7 10 11 16 17 20 21 26 28 34 38 40 
1 2 3 5 7 10 12 13 19 20 21 22 23 24 28 31 32 35 36 37 38 39 
2 6 7 9 11 13 14 15 16 19 21 23 24 29 30 31 32 33 34 35 36 37 40 
1 2 3 4 5 7 9 10 12 13 15 16 17 20 21 26 29 30 31 33 37 38 40 
3 4 5 7 12 13 14 16 18 22 24 26 31 33 36 37 38 39 
2 3 4 5 6 7 12 13 21 22 23 24 26 27 28 32 36 38 39 
1 4 5 6 7 8 9 10 11 12 14 15 16 17 19 21 22 24 25 28 30 31 35 36 38 
2 4 7 8 10 11 13 16 17 26 27 30 32 34 35 36 38 39 
1 2 3 6 7 10 11 12 14 16 18 21 25 26 28 30 33 35 38 
6 8 9 12 15 16 18 20 21 25 27 28 30 31 32 33 34 35 40 
1 3 6 9 10 11 12 15 16 17 18 23 25 27 29 30 31 32 33 35 40 
2 4 5 7 8 10 12 13 16 17 19 24 25 26 27 30 35 36 39 
1 3 7 9 10 11 14 16 17 18 19 21 24 26 27 29 30 31 32 33 35 36 37 38 39 40 
2 5 6 8 10 11 12 13 17 18 20 21 23 24 26 28 31 34 36 40 
4 6 10 12 15 16 17 20 21 22 23 24 27 29 30 31 32 35 36 37 
2 4 5 6 11 12 15 16 19 20 21 22 28 31 32 33 37 39 
1 2 3 4 5 7 10 11 12 13 15 19 20 21 22 23 28 30 32 34 35 36 37 38 39 40 
1 2 4 7 8 9 10 11 13 14 15 16 17 18 20 22 23 24 29 30 31 32 33 36 37 39 40 
1 3 7 9 10 11 12 14 18 19 23 26 27 29 30 31 32 35 36 40 
3 5 6 7 10 13 15 19 20 23 25 27 29 31 32 34 35 37 38 
4 8 9 14 15 16 17 18 20 27 28 30 31 32 33 36 37 38 
1 2 4 7 9 10 12 13 17 26 28 30 32 35 37 38 39 40 
1 2 3 4 5 6 8 11 12 16 17 19 21 22 23 25 27 32 33 35 39 
2 3 5 6 9 12 13 14 15 16 17 21 23 25 26 27 31 32 34 38 
1 3 4 5 8 9 10 16 20 21 23 25 27 29 31 32 33 34 35 37 40 
4 5 6 7 10 11 12 14 18 21 25 31 32 35 36 37 38 39 
6 7 9 11 12 13 14 16 18 23 26 28 30 31 35 36 38 39 
7 8 10 13 14 18 20 21 25 26 28 30 32 34 37 39 
1 3 4 5 7 8 10 12 13 15 16 18 20 21 22 25 26 27 29 32 35 40 
2 3 6 9 10 11 14 19 20 21 22 25 26 27 28 29 30 35 36 37 38 
3 4 5 9 10 12 13 16 17 18 19 20 21 24 28 29 32 33 35 36 38 39 40 
1 3 6 8 9 10 11 14 15 16 17 18 20 22 24 25 30 31 32 33 34 39 
1 5 8 9 11 13 14 15 17 18 19 20 21 23 28 29 31 34 35 38 
1 3 4 6 11 14 16 18 21 22 24 25 26 27 28 31 32 35 
2 4 7 9 11 12 13 14 15 16 18 19 20 21 22 26 28 37 38 39 
3 6 9 10 12 13 15 20 23 25 26 30 31 32 33 35 37 38 39 
10 11 12 14 15 19 22 25 26 30 32 33 35 40 
1 3 4 5 6 9 10 11 12 13 15 16 17 18 20 22 23 27 29 31 33 37 39 40 
2 3 4 6 7 8 14 15 16 19 22 23 24 25 26 28 32 33 34 37 40 
1 2 4 7 8 9 11 13 15 17 18 19 23 28 34 35 37 39 
1 2 4 5 7 8 9 12 13 15 16 19 20 21 22 23 26 28 29 31 33 34 36 38 39 40 
4 5 6 7 8 10 11 15 16 20 22 23 24 26 27 28 35 38 39 
2 4 7 8 9 10 12 15 17 18 19 21 24 26 27 28 29 33 35 36 37 38 39 40 
2 5 10 15 16 18 20 22 23 26 28 29 31 32 33 38 39 
1 3 4 6 9 10 12 14 16 17 19 20 26 32 34 36 37 38 39 40 
1 2 4 5 12 14 15 16 17 20 22 23 27 30 32 34 35 37 38 40 
1 4 5 6 8 10 12 14 15 16 17 18 19 22 25 28 29 40 
4 5 11 12 13 18 22 23 25 32 33 34 36 37 38 
7 8 9 10 13 14 16 17 18 20 22 23 24 27 28 29 31 33 36 38 39 
1 2 4 5 8 10 12 13 16 17 18 19 21 22 24 25 26 27 28 31 32 34 35 38 
2 3 7 8 10 11 12 14 15 16 17 18 20 24 25 27 30 31 33 35 36 
2 5 7 13 15 21 24 25 26 27 28 30 35 36 38 
3 5 6 8 12 16 18 19 20 21 22 23 24 27 28 30 32 33 35 36 37 38 39 40 
1 2 4 5 6 8 10 13 18 20 21 26 27 29 32 34 36 37 39 40 
1 3 5 6 10 12 14 16 17 18 21 27 30 33 34 35 36 37 
1 5 9 12 14 16 17 18 19 20 21 24 25 27 30 31 32 34 35 39 
2 3 4 5 7 10 11 14 15 18 20 23 27 28 31 38 39 
1 4 5 6 10 12 13 15 16 17 21 24 25 26 29 30 32 33 34 35 37 38 39 
2 3 4 8 10 11 12 14 16 19 20 22 23 27 29 32 35 36 39 
2 4 5 6 7 8 10 11 12 14 15 16 24 27 30 36 38 39 
1 2 5 6 7 11 12 15 16 17 18 19 20 21 23 24 26 27 29 30 33 34 35 37 39 40 
3 4 8 10 11 14 16 21 22 23 27 28 29 32 33 34 37 38 39 40 
1 5 6 7 10 14 16 17 18 20 21 23 27 28 29 30 32 33 34 35 36 37 39 40 
3 6 8 9 11 20 22 24 25 29 30 32 33 34 36 39 
4 5 6 10 13 16 19 20 24 25 27 28 29 31 34 36 37 38 40 
1 3 4 5 6 7 8 10 11 15 16 18 19 20 21 25 27 30 31 32 34 36 37 38 39 40 
1 2 3 5 9 10 11 13 14 16 17 18 19 20 21 27 30 32 35 36 37 38 39 
3 8 9 10 13 14 15 19 20 21 22 23 24 27 29 30 32 33 35 36 37 39 
1 2 3 8 10 11 12 14 16 17 18 19 21 23 24 30 33 34 36 40 
2 4 6 7 9 10 19 20 21 22 26 28 31 32 33 34 36 37 38 
1 2 4 9 10 12 13 15 18 20 21 22 23 25 26 27 35 36 39 40 
1 3 6 7 9 12 14 17 22 23 24 29 30 32 33 35 36 37 38 39 
1 2 4 9 11 13 14 17 20 25 31 32 33 35 37 38 39 40 
3 5 6 7 8 9 10 11 17 18 19 20 24 27 30 31 33 38 39 40 
1 4 5 8 13 14 16 17 18 23 26 27 28 30 31 32 33 34 37 38 
5 7 8 9 10 11 13 15 16 17 20 21 23 25 26 27 28 29 31 32 34 36 
1 2 5 6 7 9 11 13 14 16 19 21 24 25 27 30 31 32 34 38 39 40 
2 6 7 10 13 15 18 21 22 26 28 30 32 33 36 37 38 
3 5 6 7 8 9 10 11 13 15 18 20 22 24 25 30 31 32 33 34 35 36 38 40 
7 9 10 13 15 17 18 19 21 24 25 27 30 32 34 39 40 
1 2 4 6 8 11 13 15 18 19 20 24 26 28 30 32 33 34 35 40 
2 3 4 6 8 11 12 14 16 18 19 20 23 29 30 32 34 37 38 39 
4 5 6 7 8 9 11 13 14 15 16 19 20 24 25 26 30 31 32 33 34 35 
1 2 3 4 6 8 12 13 15 18 22 24 26 27 28 29 34 35 38 39 
4 5 7 8 11 12 15 16 18 25 26 28 31 32 33 34 35 36 37 38 
3 4 6 9 12 13 14 15 16 17 19 20 22 23 24 25 26 27 29 30 31 34 36 37 39 40 
2 3 5 8 9 13 15 16 18 19 20 23 25 26 28 29 30 31 34 35 36 37 38 
4 7 8 10 11 16 21 22 26 27 29 30 32 33 34 38 40 
1 2 4 5 8 10 13 14 15 16 17 19 20 21 22 23 32 34 36 40 
1 3 4 5 8 9 11 12 14 15 18 19 20 22 23 26 29 34 35 36 37 39 
4 7 8 9 12 13 14 15 16 18 19 20 23 24 27 28 30 33 40 
1 2 3 7 8 9 10 11 13 14 15 16 18 19 23 25 26 28 29 30 31 32 34 35 36 38 40 
1 5 6 7 10 13 14 17 18 19 21 22 23 24 25 29 33 34 35 39 40 
2 3 4 5 7 8 9 12 14 16 17 18 19 20 21 22 23 24 25 26 27 31 33 34 35 36 
1 10 11 12 13 17 20 21 24 25 27 28 30 31 34 36 37 39 40 
1 3 4 5 7 9 12 14 17 18 21 22 24 26 28 29 31 32 33 34 35 36 37 
2 3 4 8 9 10 11 12 13 14 15 16 19 22 24 27 28 29 32 33 37 38 39 40 
4 5 6 10 11 12 13 17 19 21 22 25 26 27 28 29 31 32 34 35 37 39 40 
1 9 11 15 16 17 21 22 23 24 25 30 32 35 36 39 
2 3 5 7 9 10 13 14 17 19 21 22 23 24 25 27 28 29 30 31 34 35 37 38 40 
2 3 4 6 7 8 10 13 14 15 16 19 21 23 24 25 27 31 35 38 
1 2 7 8 10 11 13 16 17 26 28 29 30 31 32 34 35 36 37 38 
2 3 4 7 8 12 13 14 16 18 19 20 21 23 25 27 28 29 30 31 32 34 36 39 40 
1 8 9 10 12 13 17 18 19 22 25 26 30 32 33 38 
4 9 10 13 14 18 19 22 25 26 28 29 30 31 33 34 36 37 38 
3 4 6 7 8 9 11 12 16 17 18 21 22 23 28 29 31 32 36 38 39 40 
1 2 3 6 7 8 9 11 12 13 14 17 19 20 22 23 24 25 28 30 31 34 36 38 39 
2 4 5 6 7 8 9 13 14 15 23 24 26 27 28 30 31 32 33 35 36 39 
3 5 6 14 16 17 19 22 24 28 30 33 34 35 37 38 39 40 
1 3 4 5 9 12 14 17 18 19 21 27 28 29 30 32 34 37 39 
2 9 14 15 16 20 23 24 25 26 28 31 35 36 39 
1 4 5 6 9 10 11 13 14 19 20 21 22 25 29 30 31 34 37 38 
1 3 6 10 11 12 13 19 21 23 24 25 26 29 31 32 34 35 37 38 
1 3 5 8 14 17 20 23 25 26 27 28 30 31 34 37 39 40 
4 7 10 12 13 14 15 16 17 18 19 20 21 25 26 27 29 30 32 35 36 38 39 
1 2 3 4 5 7 11 12 14 15 19 20 24 25 28 30 31 32 35 39 40 
1 2 3 5 6 8 9 11 15 19 21 28 29 31 32 34 35 36 37 39 40 
1 5 6 11 12 13 15 16 17 19 20 21 24 28 29 32 33 36 38 
1 2 3 4 9 10 16 17 22 25 26 28 29 30 32 33 35 36 40 
3 4 6 8 9 10 11 12 13 14 17 19 20 23 26 28 34 36 38 39 40 
1 2 5 7 8 9 11 13 17 18 22 23 28 34 38 39 
3 5 6 8 9 11 12 17 19 20 21 25 26 29 30 32 33 36 37 38 
2 8 9 12 13 16 19 20 21 22 25 26 27 28 29 35 36 39 40 
1 2 3 4 5 6 7 8 9 10 11 14 16 17 20 27 30 31 32 34 36 38 39 40 
3 5 7 8 9 10 11 13 15 16 22 25 26 27 28 31 34 36 37 40 
1 2 3 5 6 7 14 15 16 21 22 24 27 28 31 32 34 35 36 37 
2 3 4 6 11 13 15 16 19 20 25 28 31 32 33 35 37 39 
2 4 10 11 12 13 14 15 16 20 21 22 24 25 28 30 31 33 34 35 36 37 40 
2 5 7 8 12 13 17 24 26 28 29 31 32 33 34 35 36 37 38 39 40 
1 3 4 6 7 8 10 12 13 14 16 17 18 19 22 26 27 28 30 31 32 35 38 
3 7 9 10 12 14 15 21 29 35 36 38 39 40 
4 8 9 11 13 14 15 16 19 20 21 22 23 24 25 27 28 30 32 33 35 
1 2 5 6 9 11 12 17 18 19 23 24 26 31 34 35 37 39 
1 2 4 5 9 13 17 18 20 21 22 23 25 29 30 34 38 39 
2 3 4 5 8 9 10 16 17 18 20 22 23 25 27 28 35 36 37 38 39 
2 3 5 7 8 11 13 14 15 16 17 19 21 22 23 28 30 32 33 34 35 36 37 38 
1 3 6 7 9 11 13 15 16 17 18 21 25 26 27 28 29 30 33 34 35 36 38 
1 3 5 11 12 15 16 17 21 24 25 31 32 33 36 37 38 39 40 
4 6 10 11 12 13 17 19 21 25 27 30 31 32 33 38 39 
2 6 7 12 13 15 19 20 23 26 28 29 31 32 33 34 35 38 39 
1 3 4 8 11 16 17 18 20 22 24 28 29 30 32 35 36 37 38 39 
2 3 6 8 10 11 13 14 16 17 18 19 21 23 25 26 29 30 31 32 35 37 38 
3 4 5 7 8 9 10 12 13 15 16 18 20 21 22 24 25 30 31 32 40 
2 5 13 14 15 16 17 18 20 22 26 27 28 29 32 33 34 37 39 
2 3 4 5 6 7 10 12 13 14 16 17 18 19 20 21 23 26 27 30 31 32 35 37 39 
1 3 9 11 14 15 18 19 22 26 29 30 31 32 35 37 38 
3 4 5 6 9 10 15 17 18 19 20 22 23 25 27 29 30 31 32 36 37 38 
1 2 3 4 5 6 7 8 9 10 11 12 14 15 18 19 20 27 29 30 31 33 35 36 37 39 40 
4 7 9 11 12 13 14 17 18 20 22 23 24 26 28 30 31 37 38 39 40 
1 2 9 10 11 15 16 18 19 20 21 22 23 25 26 27 30 32 34 35 36 37 40 
7 8 9 12 13 14 16 17 19 20 22 28 32 34 35 37 38 39 40 
1 2 7 9 11 12 16 18 24 28 30 32 37 38 39 40 
3 6 7 8 9 11 12 13 14 17 20 21 24 25 26 30 32 33 34 
1 3 4 5 8 9 13 14 15 18 19 20 23 24 29 31 37 39 
1 2 5 9 10 12 14 16 17 18 19 22 23 24 26 29 32 35 38 39 40 
1 3 4 5 6 7 8 9 10 11 12 13 14 15 16 17 18 20 22 28 30 33 34 35 36 38 39 40 
5 8 9 10 12 13 14 17 18 21 26 28 29 31 36 38 40 
5 7 10 14 16 18 19 20 22 23 26 27 28 29 30 34 35 39 
4 5 6 7 9 10 19 20 21 22 23 24 29 32 33 34 36 38 
2 3 10 12 14 16 18 20 21 24 27 28 30 31 33 35 38 39 
3 4 5 8 10 12 16 17 18 19 20 21 23 25 26 27 28 31 33 34 35 36 38 39 
1 3 4 5 6 7 8 12 14 17 22 23 24 27 31 32 33 34 35 39 40 
1 2 4 5 6 7 8 11 12 14 15 17 18 20 22 25 26 27 28 31 32 35 39 
2 3 4 5 6 7 8 11 12 14 18 21 22 25 26 27 28 31 33 34 36 38 39 40 
1 3 5 7 9 11 14 15 17 18 20 21 22 27 28 30 32 34 35 37 
1 2 3 5 9 13 19 20 22 24 25 26 28 30 31 32 36 39 
7 8 9 10 12 13 15 17 20 21 22 23 26 29 30 31 35 36 
1 2 3 5 10 11 14 18 20 22 23 27 28 29 32 35 37 40 
3 4 10 11 14 15 16 17 20 26 29 30 32 33 34 38 39 
1 2 3 4 5 15 16 17 19 22 24 29 33 35 
1 4 7 8 11 13 14 15 17 18 19 21 30 31 33 34 36 40 
3 5 8 10 12 13 14 17 18 24 26 27 28 29 30 32 34 35 36 37 38 39 
1 3 4 7 8 9 10 16 17 19 21 23 24 28 29 30 32 36 37 
4 5 6 7 10 11 12 13 16 20 21 24 29 31 33 
1 3 4 6 9 12 13 15 17 19 23 24 26 31 32 36 37 38 39 
2 4 5 6 9 11 14 15 16 20 22 23 24 25 27 29 30 32 33 36 38 
3 4 7 11 13 14 16 18 19 20 29 32 33 36 37 39 
1 2 4 12 14 17 18 20 21 24 26 28 29 30 31 33 34 37 
1 3 4 5 6 11 12 13 15 18 20 21 22 23 29 30 31 32 33 35 37 38 
5 6 10 12 15 16 19 22 23 28 30 31 32 34 40 
1 2 5 8 12 13 14 17 18 21 25 26 27 28 29 31 32 34 35 37 38 39 
2 6 17 18 19 21 22 23 27 28 31 34 35 39 
1 2 5 13 14 16 17 18 19 22 23 25 27 28 29 32 33 36 38 
1 2 3 4 5 7 8 12 13 14 15 16 17 20 24 25 26 29 30 32 34 35 36 37 39 40 
1 3 6 7 8 10 11 13 15 17 18 19 20 23 24 28 30 32 33 34 39 
4 8 9 11 13 14 17 18 20 27 31 33 35 39 40 
1 3 6 8 9 10 11 13 15 18 19 20 22 25 26 27 29 31 32 34 36 38 
2 4 7 11 14 15 16 17 19 21 22 23 29 31 34 37 39 40 
2 3 5 6 8 15 17 18 25 26 27 31 35 38 40 
1 2 3 5 7 12 13 14 15 17 18 22 30 31 32 33 35 40 
1 4 7 9 10 11 13 14 15 18 19 20 24 25 26 29 31 32 36 
3 4 5 7 8 9 14 18 19 22 23 27 29 30 31 33 34 37 40 
2 5 6 9 12 13 14 15 16 18 19 20 21 25 29 30 31 32 34 35 37 38 39 
3 4 8 10 18 19 21 22 23 26 28 35 37 
2 3 8 11 12 22 25 26 29 32 33 34 35 36 37 40 
1 3 5 6 10 14 15 18 19 21 22 23 26 27 28 29 31 34 36 38 40 
1 2 3 4 5 8 11 18 20 21 22 23 24 31 34 36 39 40 
2 5 6 10 15 16 18 20 22 23 25 30 32 33 40 
6 9 13 14 21 22 23 25 26 27 28 29 30 32 33 35 36 37 40 
3 7 8 10 11 15 16 17 19 20 21 22 25 27 28 29 31 32 33 34 37 40 
1 7 9 11 12 16 17 18 21 26 30 31 32 33 34 35 36 38 39 40 
1 2 7 8 9 10 12 13 17 18 19 20 22 23 25 28 29 30 34 37 39 
2 4 8 11 13 16 17 19 20 21 25 28 29 30 33 35 38 40 
2 3 4 5 6 7 8 10 12 13 16 22 23 25 26 27 28 30 32 33 36 38 39 
1 3 9 12 13 15 17 18 24 25 26 28 31 32 34 35 37 38 39 
2 4 6 7 8 9 10 13 16 17 19 20 21 23 27 28 30 31 32 33 35 36 37 40 
3 4 5 8 9 11 12 13 16 18 19 21 22 24 25 26 28 31 33 35 36 
1 2 5 6 7 9 12 13 15 16 17 21 23 24 25 29 30 31 34 37 40 
3 6 10 12 13 16 20 22 23 24 25 27 28 30 34 37 
4 5 6 8 12 13 14 15 16 22 26 28 33 35 37 40 
1 2 3 4 6 7 8 9 10 11 12 13 14 15 17 21 23 24 28 29 30 33 34 35 36 37 
1 4 5 7 10 14 16 18 21 23 24 29 30 34 36 37 38 39 40 
1 2 8 9 10 11 14 16 19 20 21 22 23 24 26 30 31 32 36 38 
3 6 8 9 12 17 18 19 24 25 29 31 34 35 37 
3 5 8 9 10 13 14 18 20 24 25 27 30 32 33 34 35 37 39 
2 3 4 6 7 9 11 14 19 20 21 25 26 32 34 36 37 38 39 40 
1 2 3 7 8 9 11 16 17 19 21 22 23 24 25 26 29 32 33 34 37 38 
1 3 5 6 9 11 14 17 18 20 21 22 23 24 25 27 31 32 33 35 37 
1 2 4 6 7 8 9 11 12 17 18 19 20 21 23 25 30 31 32 33 34 35 38 39 
1 2 4 6 9 10 13 18 19 22 23 24 27 28 29 30 31 32 
1 3 4 6 7 11 12 14 16 17 19 20 22 26 33 34 35 36 37 38 40 
4 5 7 8 9 11 12 15 16 21 22 23 25 30 35 36 37 38 40 
1 5 7 11 12 14 18 20 25 26 27 28 29 30 37 40 
1 4 5 6 10 13 18 19 20 22 24 25 27 28 29 30 31 32 36 39 
1 2 3 4 5 6 9 10 12 16 18 20 21 22 23 26 28 30 35 36 39 
4 6 7 8 10 11 14 15 16 18 22 23 24 25 26 27 28 32 33 34 40 
1 2 3 4 5 6 9 11 12 14 15 19 21 22 24 26 30 35 36 37 39 
4 6 7 10 11 12 13 14 19 22 23 26 27 30 32 33 34 36 39 40 
4 6 8 10 11 12 14 16 18 19 20 21 24 26 27 29 32 36 
4 5 6 7 8 12 13 14 15 16 17 19 21 22 23 25 26 28 29 33 34 35 36 40 
3 4 6 11 12 13 15 18 19 20 23 27 32 35 38 39 
4 5 6 7 9 11 17 18 20 22 30 31 32 35 39 40 
9 10 11 13 14 18 20 23 27 28 30 31 32 33 34 36 38 40 
1 3 7 9 11 13 16 19 21 23 24 27 28 29 32 33 34 36 
2 5 6 8 13 17 18 19 24 26 28 32 33 34 35 39 
7 8 9 10 13 16 18 19 22 24 25 26 27 28 30 31 33 34 35 36 39 40 
4 7 11 14 19 20 21 22 24 25 26 28 30 31 32 33 34 38 40 
1 3 5 6 7 9 11 13 14 15 16 20 21 22 23 26 28 32 34 37 38 
1 4 6 7 8 11 13 14 16 18 19 20 22 23 25 26 31 32 34 40 
1 4 5 6 10 11 12 17 19 20 23 24 25 27 28 29 30 33 34 35 37 
1 3 4 6 7 9 10 11 12 13 15 16 18 20 21 23 24 27 28 30 31 33 34 36 37 40 
1 3 4 5 6 9 11 12 14 15 16 17 20 22 23 25 26 27 28 29 32 34 35 36 37 38 39 
1 2 4 5 6 8 9 10 13 15 18 19 23 24 26 28 35 39 40 
1 2 3 6 8 9 11 13 14 15 18 19 21 22 24 25 26 30 33 34 37 39 40 
2 6 7 8 12 14 16 17 18 21 25 26 31 34 35 36 37 38 39 
1 2 3 5 6 7 9 12 13 19 21 22 25 27 28 30 33 34 35 37 38 39 
1 2 4 6 7 9 10 14 15 17 18 20 23 24 27 28 29 31 33 37 38 39 
3 4 6 8 9 13 15 16 18 27 33 34 38 
1 2 3 4 6 7 9 12 13 14 16 17 22 24 28 29 30 31 32 34 38 39 40 
1 2 3 4 5 8 9 10 11 13 14 16 19 26 27 30 32 35 40 
1 3 5 8 10 12 13 16 19 20 22 29 30 31 33 35 36 37 
2 3 4 5 8 10 14 17 21 23 24 25 27 30 32 36 37 38 39 
2 3 4 7 9 11 13 14 17 18 19 20 23 27 28 30 31 33 34 38 39 
1 2 3 6 7 9 12 13 14 16 17 19 22 23 26 27 29 32 35 37 38 39 
4 7 9 11 12 13 17 20 21 24 25 26 27 29 33 34 37 38 
1 2 3 6 8 9 11 12 13 16 21 24 26 27 28 30 31 32 33 34 35 38 39 
1 2 6 10 13 18 19 20 21 22 26 28 33 35 36 38 40 
1 4 5 8 9 11 17 18 19 22 26 27 28 29 31 33 35 36 37 38 39 
1 6 7 8 12 13 14 15 17 18 20 21 25 26 29 30 31 32 36 38 
8 10 11 15 17 19 20 23 25 26 27 30 31 32 33 34 35 37 38 
1 4 7 9 10 12 13 14 15 16 17 18 19 20 21 23 27 28 30 31 32 33 34 35 36 
7 8 11 14 15 16 18 19 20 22 24 27 28 30 31 32 33 34 35 36 39 40 
1 2 3 6 7 8 9 10 11 12 13 14 15 16 18 19 21 23 25 26 27 29 31 34 35 36 37 38 39 40 
1 2 3 5 10 11 12 13 16 17 20 25 27 28 29 32 33 34 38 40 
2 4 7 9 10 11 13 20 22 24 25 28 30 31 33 35 36 40 
2 4 7 8 9 13 14 15 17 20 21 25 29 30 33 34 36 37 39 
1 2 7 8 9 13 16 17 18 20 24 26 28 29 30 32 36 40 
1 2 3 4 6 7 8 10 11 17 18 19 20 21 23 24 26 27 28 30 31 32 33 34 35 38 
2 6 7 11 12 14 18 22 23 24 26 28 30 31 32 33 34 37 38 
3 4 5 6 11 13 14 16 18 20 22 23 26 28 29 30 31 34 
1 3 4 6 7 12 16 21 23 31 33 37 39 40 
1 4 5 11 12 13 14 15 17 20 21 22 23 24 26 27 28 29 32 35 36 37 38 39 
2 3 5 9 10 11 12 15 19 21 25 27 29 30 31 33 34 35 
4 5 6 7 10 11 12 13 14 17 18 20 21 23 28 29 30 34 35 36 
1 4 6 10 11 14 15 18 19 21 22 24 28 30 32 35 36 37 38 
1 3 4 5 6 9 11 12 13 14 16 18 19 20 22 23 25 26 28 29 30 31 33 35 37 39 40 
1 5 8 12 13 15 17 18 19 20 22 23 25 26 28 29 31 32 33 37 38 39 40 
1 2 3 4 7 8 9 10 12 13 15 16 17 18 19 20 21 22 23 24 27 28 29 30 36 37 38 39 
1 2 3 5 8 9 11 13 15 17 18 19 20 24 25 28 29 30 31 32 33 34 37 38 40 
1 3 4 8 9 10 12 17 18 24 29 30 31 33 35 37 38 
2 3 8 9 13 16 20 21 23 24 26 27 28 29 31 36 38 39 40 
4 6 7 12 16 17 19 21 22 26 29 31 33 34 37 38 40 
3 5 6 8 9 10 14 15 16 18 19 20 21 27 28 34 39 
1 3 4 5 6 7 9 10 11 13 14 15 16 18 20 21 22 23 24 26 28 29 30 32 37 38 39 40 
3 4 5 9 11 13 14 16 17 18 20 24 29 30 31 35 36 37 38 39 
2 4 6 7 8 11 12 14 17 18 20 21 25 30 31 32 39 
1 7 8 11 12 15 17 18 20 21 24 25 26 27 28 29 30 31 32 35 38 39 
3 5 6 9 10 13 15 16 17 23 26 31 32 34 35 38 39 40 
6 7 8 9 10 11 12 14 15 17 19 20 23 26 27 28 31 35 37 38 
7 9 10 14 15 16 17 20 24 25 26 32 33 34 35 36 
1 3 4 5 11 12 13 14 15 17 21 23 26 27 29 30 31 32 34 35 36 39 40 
4 6 9 10 11 12 13 14 15 16 18 19 22 24 25 26 28 29 32 34 35 38 39 
1 2 4 6 9 10 11 12 14 16 17 20 21 22 24 26 27 29 30 32 33 35 37 38 40 
2 4 5 6 9 10 11 13 15 17 19 21 22 23 24 25 26 27 28 30 31 32 33 34 35 38 39 40 
1 4 5 7 8 11 13 14 15 17 18 20 21 22 24 25 26 27 29 30 31 32 34 36 37 39 
1 2 4 5 6 8 11 14 16 20 22 24 25 28 30 37 38 
1 2 5 7 10 11 12 13 14 17 18 19 20 21 24 27 29 30 31 33 38 39 
4 6 7 8 9 10 11 12 14 16 17 18 19 20 21 23 27 29 33 35 36 37 38 
2 3 7 8 9 10 11 13 16 18 19 22 24 26 27 28 33 38 39 40 
1 2 3 4 5 6 8 9 10 12 13 15 18 23 28 29 30 31 32 33 34 35 38 39 
1 2 6 7 9 10 11 14 16 17 18 19 20 21 22 30 34 37 38 
5 6 7 8 9 12 13 15 16 21 22 23 25 26 28 30 34 36 37 38 39 40 
1 4 5 10 12 13 16 17 18 19 20 22 23 24 25 28 31 32 34 35 36 37 
2 4 9 10 11 13 14 15 17 19 20 22 23 26 30 31 32 34 35 36 37 38 
1 3 12 13 16 17 18 22 23 25 26 28 34 35 38 39 40 
1 4 7 16 17 19 25 27 29 30 31 32 34 37 38 40 
1 2 10 11 12 17 20 22 23 25 28 31 33 35 36 37 
2 5 7 15 16 18 21 22 24 30 31 34 37 38 
1 8 9 10 11 12 14 15 16 20 23 26 34 35 36 38 39 40 
1 3 5 6 11 12 13 14 15 21 22 23 24 29 30 31 33 35 36 37 38 40 
4 5 9 13 14 16 17 18 21 23 24 25 26 27 28 31 33 34 36 38 40 
2 3 7 14 15 21 22 25 26 27 28 29 30 31 33 36 38 
1 3 4 8 11 12 17 18 19 20 21 22 24 26 27 28 29 31 32 33 
1 2 9 10 12 14 15 16 18 19 20 26 30 31 35 37 38 40 
6 11 12 13 16 22 23 25 26 30 32 35 36 37 38 39 
1 2 3 4 5 7 9 15 20 22 24 27 28 29 32 33 35 37 38 39 40 
1 2 4 6 7 8 11 14 15 16 17 18 19 20 21 24 26 29 30 36 38 
4 8 9 10 11 13 14 17 19 26 28 29 30 33 34 35 36 37 40 
1 3 5 8 9 12 15 16 17 18 19 20 22 25 27 30 35 36 39 
2 3 5 6 10 11 16 18 20 22 23 24 26 31 33 34 35 39 40 
4 5 6 10 12 18 20 22 24 25 26 28 30 31 33 34 36 39 
2 3 4 5 8 9 11 13 15 16 17 18 19 20 21 22 23 26 27 28 29 32 33 34 37 39 
1 3 4 6 7 11 13 17 21 22 24 27 30 31 34 35 37 
1 4 6 8 12 13 14 15 17 18 19 21 27 28 30 33 35 36 37 39 40 
2 3 4 5 6 15 17 24 25 28 29 32 34 35 39 
2 5 6 8 9 12 14 15 18 20 21 23 25 26 29 30 31 39 
3 9 10 13 16 17 22 23 25 28 31 32 33 34 35 38 
1 2 9 11 12 16 17 18 20 26 27 29 30 33 35 36 
1 4 5 7 8 9 12 16 18 19 21 22 26 32 34 
1 3 5 6 7 9 12 15 16 18 20 21 23 24 28 32 34 35 36 37 39 
1 2 4 5 6 7 9 14 15 16 20 22 24 27 28 29 30 32 33 35 36 37 38 
1 2 3 4 5 6 7 9 10 11 15 16 17 18 19 20 22 29 30 32 35 37 38 
4 5 6 8 9 10 12 13 14 16 18 19 20 23 24 25 32 36 37 38 39 
1 3 6 7 9 11 12 13 16 17 18 22 23 24 26 28 30 31 32 36 37 40 
1 3 9 10 11 13 14 15 16 17 18 20 24 25 26 27 30 32 33 37 38 39 
1 2 3 5 6 7 8 10 12 15 16 18 23 24 25 27 28 29 31 33 35 36 37 38 39 
4 10 11 13 15 16 17 18 20 23 24 25 29 30 31 32 34 36 39 40 
3 4 5 7 9 13 14 15 17 20 25 29 31 32 35 36 39 
2 3 5 6 8 12 13 14 15 17 18 20 22 23 26 27 29 30 37 38 39 40 
1 3 6 7 10 11 12 13 16 17 18 21 22 25 27 28 33 34 36 37 38 39 40 
1 3 5 6 10 11 12 13 16 17 20 24 26 28 29 34 35 36 37 39 
1 4 5 7 8 9 11 16 18 23 25 28 29 31 33 37 40 
3 4 5 6 7 10 12 13 14 16 17 19 20 21 22 24 26 28 29 35 37 39 40 
2 4 5 6 10 11 13 18 19 20 21 27 30 34 36 37 38 39 
3 6 8 12 14 16 17 18 19 22 23 25 26 30 31 33 34 35 37 38 
1 2 4 7 8 9 12 13 16 17 19 21 22 24 25 27 32 34 35 39 
1 3 4 6 9 10 15 17 19 24 25 29 30 31 32 33 34 35 40 
4 8 11 12 13 15 16 17 19 21 22 23 25 26 28 29 30 31 33 37 39 40 
2 5 8 9 10 12 20 21 22 24 25 26 32 33 36 37 
2 6 7 12 13 15 20 21 22 27 28 33 36 38 39 
2 4 7 8 10 14 15 16 17 19 20 22 23 24 25 26 28 30 31 38 39 
5 6 7 10 14 15 19 22 26 30 32 33 34 39 40 
1 2 3 4 10 12 13 14 15 16 18 19 20 23 26 28 29 31 33 34 35 39 40 
1 2 3 6 9 10 12 16 19 20 22 25 27 29 30 31 32 36 37 38 40 
2 4 8 10 11 15 16 17 18 20 23 24 27 29 32 33 36 37 38 
2 3 6 9 11 12 17 19 20 21 22 24 26 27 28 32 34 39 
3 4 7 8 10 12 13 17 18 19 20 22 24 26 27 28 30 32 34 35 37 38 
4 10 13 17 26 34 35 36 37 39 
1 2 3 7 13 14 15 18 19 20 21 23 25 26 29 31 32 34 36 37 39 40 
1 4 5 7 9 11 14 17 18 19 22 23 25 27 29 30 32 36 39 
1 2 3 4 10 13 14 15 17 20 21 22 25 27 29 32 33 38 
4 5 7 8 10 13 14 17 21 22 23 26 29 35 39 40 
3 5 7 9 12 13 18 20 21 22 23 24 27 28 31 32 35 36 37 39 40 
3 6 7 8 9 10 11 12 16 17 20 23 26 31 33 34 35 38 39 40 
4 5 8 9 12 15 17 19 22 24 25 28 29 30 31 33 36 37 38 40 
3 4 6 8 10 11 16 19 21 23 24 26 29 30 32 33 35 36 39 40 
3 5 6 7 8 10 13 14 16 17 19 20 21 24 25 26 30 32 34 35 37 39 
2 4 6 7 11 13 14 16 17 18 19 22 23 24 31 35 36 40 
1 2 3 9 12 17 19 20 24 25 26 27 28 29 32 33 35 36 
1 3 6 7 8 9 12 17 18 19 21 24 29 31 32 33 34 35 38 40 
3 6 7 13 14 17 19 21 22 25 27 28 31 32 33 34 35 36 37 39 
1 3 6 7 9 10 11 15 16 17 18 22 27 28 30 34 35 39 
1 2 5 6 7 8 10 15 16 23 27 28 31 37 38 40 
2 5 6 8 9 11 14 18 20 21 22 26 29 31 32 34 35 36 37 38 40 
1 2 4 6 8 10 13 14 15 16 21 22 23 24 25 26 27 28 29 34 35 36 37 40 
1 2 6 11 13 15 18 22 23 26 27 28 29 34 35 37 40 
3 5 6 7 10 11 13 14 19 24 29 32 33 34 35 36 37 38 39 
1 3 6 7 8 13 16 19 20 21 22 23 25 27 33 35 36 37 40 
2 4 5 6 7 10 11 12 13 21 23 24 26 27 28 30 31 32 33 35 39 40 
3 4 6 10 11 12 13 16 17 18 19 22 30 31 34 36 37 38 
4 7 8 9 13 15 18 19 20 21 26 29 30 32 35 40 
2 4 8 9 12 13 16 17 18 20 23 24 25 29 34 35 36 37 38 39 
1 2 4 6 7 8 10 12 13 15 16 17 19 20 22 23 24 28 30 32 34 36 38 39 
1 2 5 7 8 12 13 14 15 17 20 22 26 28 29 31 36 40 
2 6 7 10 12 14 15 17 20 26 28 31 33 34 35 40 
1 3 4 5 6 9 10 12 13 15 16 17 20 24 25 27 28 30 31 35 37 
2 4 6 9 10 13 14 15 16 18 21 23 32 35 36 38 
1 4 7 9 10 11 12 13 14 15 16 19 20 23 25 29 30 31 34 35 36 37 39 
6 7 9 10 12 13 18 20 22 24 25 26 29 32 33 40 
1 4 8 11 12 15 16 19 22 24 29 31 32 33 36 40 
2 6 7 9 13 16 18 19 20 21 28 29 31 33 35 36 39 
2 4 5 6 7 9 10 11 15 16 19 25 26 28 29 30 34 35 38 
1 5 13 16 17 22 24 26 28 29 31 32 33 35 39 
1 2 3 6 7 8 11 13 14 15 17 18 19 21 22 23 25 26 27 28 29 31 34 38 39 40 
1 2 7 10 12 14 15 17 19 20 22 23 24 28 31 32 33 37 40 
1 7 8 9 12 14 19 23 24 25 28 31 32 33 35 37 39 40 
1 2 5 7 10 11 12 14 16 18 20 22 25 26 27 28 32 33 35 36 40 
1 2 5 6 7 8 10 12 13 14 18 21 23 27 29 33 37 38 
3 6 7 10 13 16 17 19 20 23 25 26 28 30 31 33 37 38 39 40 
1 3 4 5 7 9 10 11 12 16 18 22 24 25 27 30 31 32 33 34 35 37 38 39 
2 5 6 8 9 11 13 14 17 18 20 21 24 27 29 31 35 36 37 39 
2 8 9 10 11 12 13 15 18 20 21 25 26 27 28 29 32 33 34 37 39 40 
1 4 5 9 13 14 15 16 17 18 19 21 23 27 31 35 37 40 
3 5 6 7 9 12 13 14 16 20 23 26 27 28 30 31 32 35 37 38 40 
5 7 8 9 11 13 14 16 19 21 22 25 30 31 32 33 35 37 39 40 
4 12 16 20 21 22 24 30 31 32 38 39 
1 2 4 7 11 12 13 14 16 17 18 20 21 22 23 25 26 28 29 30 32 34 35 37 39 40 
1 7 8 9 10 11 12 14 17 19 22 24 25 27 28 30 32 33 35 37 38 
1 2 3 5 8 9 10 11 15 17 19 20 21 23 24 26 32 33 34 35 39 
1 3 5 6 7 9 10 15 16 24 25 26 27 30 31 32 37 39 
1 2 3 4 5 6 7 10 11 13 15 18 20 22 23 28 29 32 33 35 36 37 38 39 40 
1 2 3 4 5 7 8 9 11 12 15 19 20 21 23 24 27 30 31 34 35 36 37 
3 5 6 8 9 10 14 17 18 19 20 21 23 24 26 28 30 32 33 35 36 38 39 
2 6 8 9 15 16 17 18 22 25 26 27 29 31 32 34 38 39 
2 4 5 7 8 9 11 15 16 17 18 19 21 23 24 25 27 28 29 32 35 36 38 
3 6 11 13 14 16 18 19 21 22 24 25 28 31 32 33 35 39 
1 2 3 6 7 8 9 12 13 14 15 16 17 18 19 20 22 23 24 27 28 29 30 31 32 33 38 40 
2 3 4 5 10 11 14 16 17 19 20 21 26 28 29 31 32 34 35 36 37 38 
1 6 7 8 9 15 17 18 19 20 21 23 24 34 35 37 38 40 
1 2 3 12 15 16 18 21 23 26 27 29 34 35 
1 3 5 11 13 16 18 21 24 30 34 37 40 
2 3 10 14 15 18 19 20 21 23 26 27 28 29 31 32 37 38 39 40 
1 4 11 13 14 19 20 27 28 30 32 34 36 37 
2 4 5 8 9 12 14 15 19 20 22 23 25 26 27 28 32 34 
2 4 5 6 7 8 10 11 12 16 18 21 22 24 25 26 27 28 34 35 36 37 39 
1 4 5 6 8 10 11 15 17 18 19 20 21 23 24 25 26 27 30 31 32 34 36 
1 2 3 4 6 7 8 9 10 12 15 16 20 23 24 25 27 29 30 33 34 38 39 40 
4 7 8 9 11 15 17 18 21 23 28 30 34 35 37 40 
1 2 4 7 10 14 16 17 18 20 21 22 23 25 29 30 32 33 35 36 39 
2 3 5 8 10 11 12 13 14 18 19 20 21 22 24 25 27 30 32 33 34 36 38 39 
3 4 5 7 8 11 13 15 16 17 18 21 22 26 27 28 29 30 33 34 
2 3 4 5 8 9 10 11 12 14 16 17 19 20 22 24 26 27 28 29 30 33 37 38 39 
6 8 9 10 12 16 18 19 20 21 22 24 25 26 27 28 30 31 32 34 
4 6 8 11 14 18 26 28 29 31 32 33 34 37 
1 2 3 4 6 7 8 9 10 11 12 13 14 22 24 25 26 27 28 30 32 36 
1 5 7 8 9 12 16 18 19 25 26 27 28 29 31 33 34 35 37 38 39 
2 4 5 10 13 14 16 18 19 21 22 23 25 27 28 32 33 34 36 38 
2 3 6 7 8 10 13 14 17 18 19 20 22 23 24 27 28 30 31 35 36 38 39 
1 3 4 12 14 17 20 21 22 25 26 27 28 29 30 32 35 37 39 
1 2 7 8 10 13 16 18 21 22 23 24 26 27 32 33 36 38 39 40 
1 2 4 6 7 10 11 12 14 18 19 21 22 23 24 25 26 27 28 30 33 35 40 
3 4 6 8 9 12 13 15 16 18 19 21 22 24 27 30 33 
1 2 3 6 7 12 13 14 15 17 18 20 21 23 26 27 28 31 34 36 38 39 
2 3 4 6 8 9 10 11 13 15 17 18 21 22 23 24 25 27 29 30 33 38 
2 6 10 11 13 15 19 22 23 24 25 30 32 33 36 39 40 
1 2 3 4 8 10 11 12 14 15 16 18 19 20 23 24 25 26 27 28 30 31 33 34 36 38 39 
2 3 4 6 7 13 14 19 22 24 25 26 27 28 29 33 34 35 38 40 
1 3 6 8 9 10 11 12 14 19 21 22 23 24 27 31 32 33 34 35 36 40 
1 3 4 8 10 12 14 15 16 18 19 20 21 22 25 27 31 33 34 35 36 37 
1 4 5 8 9 12 15 18 19 20 21 22 23 27 29 30 31 32 33 35 36 40 
1 2 3 7 9 14 15 16 17 22 23 26 27 28 29 30 32 36 
1 3 5 6 11 12 14 15 17 18 19 22 23 25 26 27 28 30 34 35 36 37 39 
1 4 9 10 13 14 15 17 19 23 25 26 27 29 30 33 34 36 39 
2 4 5 6 11 14 15 17 19 31 33 36 38 39 
5 7 8 10 12 13 16 17 18 19 20 22 24 25 26 28 30 36 37 38 
2 4 7 11 14 15 16 21 23 24 25 31 32 33 40 
1 3 4 5 6 7 8 18 20 21 25 26 27 30 31 33 36 40 
1 3 4 7 10 11 12 13 14 16 19 20 22 27 30 31 32 35 36 37 39 40 
1 2 4 5 7 9 12 13 15 17 19 22 25 30 31 32 33 34 36 37 38 39 
5 6 7 10 11 13 17 19 21 24 25 28 29 31 33 34 38 
2 4 8 9 14 15 17 18 19 21 22 23 25 29 30 31 32 38 40 
2 3 4 5 7 8 10 11 16 18 23 27 30 34 37 40 
2 3 9 11 12 13 17 18 20 22 24 27 29 30 31 32 33 34 38 
1 7 8 11 13 14 16 17 18 20 21 22 24 25 27 28 35 40 
1 2 7 10 11 13 15 24 25 26 27 29 34 35 37 40 
1 8 9 10 13 14 15 16 19 24 25 27 28 29 30 33 35 36 37 38 39 40 
3 4 5 8 11 12 13 14 15 16 17 18 19 22 23 26 27 28 29 31 32 34 35 39 40 
1 2 3 5 6 7 8 11 12 13 14 15 16 17 19 21 23 24 25 26 27 28 29 30 32 36 37 38 39 40 
3 5 6 9 11 15 16 17 18 21 23 28 30 32 33 34 35 
9 10 11 12 15 16 19 20 22 23 25 26 27 30 31 40 
1 2 3 4 6 7 8 9 10 12 14 16 17 19 21 22 23 27 28 29 33 34 38 39 40 
3 6 9 11 12 13 19 20 21 24 25 34 35 39 
1 3 6 7 11 12 13 16 22 26 28 29 33 34 35 36 39 
5 6 9 11 12 13 17 21 25 26 29 32 34 37 38 39 40 
1 2 3 6 7 12 13 16 17 19 20 22 24 34 36 
1 4 6 8 11 12 18 20 23 25 26 27 29 30 32 33 39 
1 2 3 4 9 10 11 12 13 15 23 24 25 26 29 33 34 35 37 
2 5 7 10 11 20 22 23 24 25 26 27 29 30 34 35 38 39 40 
2 4 6 10 11 12 14 15 16 18 20 26 27 29 30 31 34 35 37 38 40 
6 12 13 14 16 17 18 19 21 23 24 26 29 32 34 37 38 39 40 
1 4 5 7 11 16 17 18 20 24 25 26 27 30 34 35 38 39 40 
2 3 4 8 9 12 16 22 30 31 32 35 38 39 
2 5 8 9 10 11 12 13 15 17 22 23 24 25 26 28 30 34 36 38 
3 4 6 9 11 14 15 17 20 22 23 24 25 26 27 28 29 30 31 32 38 
2 3 4 5 9 10 13 14 18 19 20 21 22 24 25 26 29 31 33 34 35 37 38 
1 2 3 7 8 9 10 12 13 15 16 18 21 24 26 27 28 31 33 35 37 38 40 
1 4 5 7 10 11 12 13 14 15 18 19 21 22 23 24 25 27 28 29 31 32 34 37 40 
1 3 4 5 7 8 9 11 12 13 14 15 19 22 23 24 25 27 28 30 32 34 35 
1 2 3 4 5 7 10 11 12 15 16 18 19 21 24 27 29 32 33 35 36 38 40 
2 4 6 7 8 10 19 20 22 23 26 27 28 29 31 32 33 34 36 37 39 40 
3 5 6 9 10 11 12 13 14 17 18 19 21 22 23 24 26 27 28 30 32 33 35 38 39 
3 4 6 10 11 12 20 21 22 23 24 26 27 28 29 32 33 35 37 38 39 
2 3 4 6 7 11 12 14 16 18 19 20 24 26 27 28 29 30 32 33 34 37 38 40 
1 2 3 5 6 9 13 14 15 17 18 20 24 25 26 28 30 31 35 39 40 
1 2 3 4 7 9 10 12 15 17 21 22 24 25 26 27 32 35 37 38 40 
1 5 6 8 9 10 12 13 15 16 17 21 22 26 28 30 31 34 36 37 40 
1 2 3 4 5 8 9 11 14 17 23 24 25 26 28 29 30 31 33 34 35 39 40 
1 2 3 6 7 10 12 13 14 16 19 22 26 28 31 35 36 38 
1 3 4 8 12 13 15 16 20 21 26 33 34 35 39 40 
2 3 8 10 13 14 15 18 20 21 22 23 26 28 30 31 32 36 37 38 39 40 
1 3 6 7 8 12 13 14 17 19 20 24 25 27 28 31 33 39 
3 6 8 9 10 11 12 13 16 17 18 19 20 21 23 24 25 27 28 29 31 32 34 35 37 39 40 
1 2 4 5 8 9 12 13 14 15 17 18 19 23 24 25 28 29 34 36 
2 3 5 7 8 10 13 16 17 20 21 22 24 28 29 31 34 35 36 37 38 39 40 
5 6 7 11 14 18 19 21 23 24 26 27 28 30 31 35 36 39 40 
1 4 5 7 8 9 10 13 14 15 18 21 24 25 26 27 29 32 34 35 39 
1 2 3 5 6 7 10 14 20 23 24 25 26 28 29 30 31 32 34 35 
1 2 3 4 6 10 11 13 14 19 20 21 22 23 24 25 26 27 30 32 33 34 35 38 40 
1 3 6 8 11 15 16 17 18 19 22 25 26 27 28 29 32 33 35 37 38 40 
1 2 8 9 11 12 14 15 17 19 21 22 24 25 26 27 30 33 37 39 
4 5 6 8 9 11 15 16 18 20 23 25 29 31 36 37 38 39 40 
4 6 9 11 13 14 15 18 21 23 24 28 31 32 33 34 35 37 38 39 40 
1 5 6 7 8 10 16 17 19 21 25 27 29 31 32 36 37 38 40 
2 5 6 8 9 10 11 15 17 20 21 24 26 27 28 31 33 35 37 38 
1 4 7 9 11 15 20 24 26 27 28 30 32 35 37 39 
2 7 8 10 11 12 13 14 18 21 23 24 25 26 28 29 30 33 35 38 40 
2 3 4 7 9 10 12 16 17 18 21 22 23 25 29 30 32 33 34 35 36 38 40 
1 5 7 12 16 17 18 19 21 22 24 25 32 33 34 35 36 37 40 
3 5 7 9 12 15 19 20 21 24 25 27 29 30 31 32 37 39 40 
2 8 9 11 12 18 19 20 23 25 26 28 30 31 33 34 35 38 39 
1 2 5 6 7 10 12 16 17 18 19 20 21 22 23 27 35 36 
1 4 5 6 9 11 12 14 17 18 20 21 25 26 31 34 36 37 
1 2 3 4 5 7 8 11 12 13 14 15 17 18 19 20 22 26 28 29 31 32 34 35 36 38 
1 3 4 7 8 9 10 11 12 14 15 20 21 23 24 27 28 29 32 34 35 36 37 39 40 
1 2 4 5 7 9 11 12 14 17 18 19 23 27 28 33 35 36 37 38 40 
1 4 5 6 7 11 14 16 17 19 20 22 23 25 26 28 30 32 36 38 
1 2 4 9 10 11 12 15 22 24 26 30 31 33 35 36 37 39 
1 2 4 6 7 8 9 10 12 14 15 17 18 20 24 25 26 27 28 29 30 36 37 38 39 
5 6 7 8 11 16 17 18 19 20 22 24 27 28 31 32 34 39 
1 4 7 8 11 13 14 15 16 18 19 22 23 24 27 28 29 30 31 33 36 37 38 40 
1 3 5 6 8 9 12 15 19 20 21 24 25 26 27 28 29 30 36 37 38 39 
1 2 3 4 5 7 10 11 12 15 16 21 23 24 28 30 31 33 36 37 38 39 40 
2 4 6 7 8 9 10 12 15 16 17 19 20 24 25 26 27 30 31 34 35 36 37 
1 4 5 8 12 13 14 15 18 19 20 23 25 27 28 30 31 32 33 34 35 36 38 40 
1 3 4 5 7 8 9 10 15 17 21 22 23 24 26 27 29 32 35 37 38 40 
4 6 8 11 14 15 16 17 18 23 24 28 32 33 35 37 39 
2 5 6 7 11 12 13 20 21 22 26 27 28 33 38 39 
2 3 4 5 6 7 8 12 14 17 19 24 26 27 32 38 39 
1 2 5 8 10 16 17 18 20 22 24 27 32 33 34 38 39 40 
3 5 7 9 11 16 17 23 28 29 31 32 34 36 
1 2 4 5 7 8 9 10 12 13 14 15 16 18 20 22 30 31 38 39 40 
1 2 3 8 10 11 13 15 16 18 22 24 27 28 29 35 37 38 
7 8 10 13 14 15 17 18 19 25 26 29 30 31 33 34 35 37 38 39 
2 3 4 5 7 8 10 11 13 14 15 16 19 20 26 28 30 31 32 33 34 35 36 40 
3 4 6 7 11 12 16 18 19 30 32 34 35 
1 4 5 7 8 10 13 15 17 18 19 20 21 25 28 30 32 35 36 39 40 
2 6 8 9 11 12 14 15 19 20 24 25 26 31 37 38 40 
2 4 9 11 13 18 20 24 27 29 31 33 35 36 37 38 40 
2 4 6 8 9 10 13 14 16 17 18 19 24 25 27 28 29 32 33 34 36 39 
1 12 16 18 20 24 25 26 27 29 30 31 32 33 34 35 36 38 39 40 
3 4 5 6 7 9 10 13 20 21 25 27 28 30 31 32 33 35 37 39 
1 5 7 9 12 14 17 22 24 27 28 30 34 35 36 38 
1 4 5 6 7 8 9 10 12 13 17 18 19 20 24 25 26 27 28 29 34 36 37 38 39 
6 8 10 13 14 17 18 22 27 28 32 33 35 36 37 38 39 
1 3 4 5 6 7 8 12 13 17 22 23 26 27 28 29 30 33 35 36 37 38 
1 3 4 5 7 9 10 11 14 19 20 21 23 24 25 27 28 31 32 34 35 36 37 38 40 
3 5 6 8 9 10 12 13 16 18 20 22 23 24 26 27 29 31 34 35 36 37 38 
1 3 5 9 10 13 14 19 20 22 27 29 31 32 38 39 40 
1 3 4 6 7 8 9 11 14 16 19 21 25 27 28 32 33 35 39 40 
3 6 9 10 11 13 15 19 25 26 28 29 30 34 36 
1 4 5 6 7 9 10 11 12 14 15 17 18 21 23 25 27 28 29 32 34 35 36 40 
2 4 5 8 9 10 12 15 17 18 21 23 26 28 31 32 35 
3 5 6 9 12 14 19 21 22 24 25 27 29 30 31 36 37 39 
2 4 5 6 8 10 11 12 15 19 21 24 25 28 29 30 31 33 34 35 36 37 39 40 
2 4 6 9 11 16 19 20 21 22 23 27 28 30 31 32 36 38 39 
1 5 7 8 11 18 19 20 21 24 26 30 31 32 34 36 39 
1 2 3 4 5 6 7 10 11 18 25 29 32 34 38 39 40 
1 3 4 12 14 16 18 19 21 22 24 25 28 29 30 31 32 33 34 35 36 37 38 
1 2 3 4 7 9 10 11 17 18 19 23 25 26 29 30 34 35 36 39 40 
2 3 5 7 12 13 17 19 20 21 23 24 25 26 27 28 30 33 37 38 
2 3 4 5 6 7 8 10 13 15 17 18 24 27 28 29 32 33 34 37 38 39 40 
4 6 10 11 12 15 16 18 19 20 21 22 23 24 25 26 29 35 36 39 
5 6 7 8 12 14 15 16 17 18 20 21 23 24 25 27 33 36 37 38 39 40 
8 9 12 13 14 16 20 22 26 27 28 29 30 31 36 37 38 
5 7 9 11 14 17 21 22 31 33 34 36 37 38 39 
1 3 4 7 11 16 19 22 27 28 31 35 36 37 
3 4 6 7 9 10 12 13 15 16 19 22 25 28 29 30 31 35 36 
1 6 8 10 12 13 17 18 20 22 24 26 27 28 29 32 34 36 37 
1 3 4 5 6 8 10 11 12 18 20 22 24 26 28 32 33 36 38 39 
2 3 5 6 10 11 12 13 14 21 22 23 24 25 26 29 31 33 34 35 36 38 39 
3 5 7 8 9 10 11 12 14 15 16 17 22 25 28 29 32 38 40 
1 2 3 4 6 7 8 9 10 12 13 16 17 20 27 28 29 32 34 35 36 37 38 39 40 
2 3 9 11 12 19 20 21 22 24 25 28 29 33 34 36 39 
1 2 5 6 11 13 14 17 19 22 23 24 26 27 28 29 30 31 32 34 39 
1 3 6 7 15 18 22 24 26 27 31 33 35 37 38 39 
1 2 3 6 7 8 12 14 16 17 25 26 28 30 32 33 36 37 38 
2 4 8 9 11 13 14 15 17 18 20 21 22 23 24 25 26 27 30 32 33 35 36 37 
2 3 4 7 11 12 14 15 18 19 23 24 25 26 27 28 29 31 32 33 34 35 38 40 
1 3 9 12 14 20 22 23 24 25 26 27 31 33 35 37 38 
1 2 3 7 8 9 11 13 15 20 21 27 28 29 31 32 34 35 38 39 40 
2 3 8 10 11 13 14 16 18 19 21 23 28 29 30 32 34 35 37 38 
2 3 5 8 11 12 13 17 19 20 21 23 24 25 26 27 28 31 33 35 36 37 38 39 40 
2 3 5 7 8 11 13 14 15 16 17 18 20 22 24 26 27 32 34 35 36 37 40 
2 4 11 13 14 16 19 20 23 24 25 26 30 33 34 35 36 39 40 
1 3 5 7 8 9 12 13 15 16 19 21 23 24 25 27 30 31 33 36 40 
3 4 5 6 8 9 12 15 16 21 22 23 24 28 30 31 33 34 37 38 
2 3 4 5 9 12 14 15 16 17 18 21 22 25 28 30 31 33 34 35 37 38 39 40 
6 7 9 11 13 16 18 19 21 23 24 26 29 30 31 36 
1 2 4 5 8 9 13 14 15 17 18 20 21 23 24 25 28 29 31 32 33 34 35 37 38 
3 4 7 8 9 16 18 21 22 25 27 28 29 30 31 32 33 34 35 37 38 
2 6 7 10 11 13 14 15 16 26 28 30 32 33 34 36 37 38 40 
2 3 4 5 7 8 9 10 11 12 13 15 17 18 19 22 23 24 26 30 32 34 36 37 38 39 
4 5 7 8 9 14 15 17 18 21 22 23 27 32 34 35 36 37 40 
2 4 5 6 7 8 14 15 16 18 21 22 26 28 30 36 
1 2 3 5 6 7 11 15 16 17 21 22 25 27 29 31 32 35 37 
1 2 6 9 10 11 12 13 14 15 16 18 21 22 24 26 27 33 35 36 37 38 
1 2 3 7 8 9 10 14 16 20 21 22 23 24 25 26 27 30 32 33 34 36 37 
3 4 5 6 8 10 11 12 14 15 18 19 23 25 26 29 30 34 35 37 38 39 40 
4 5 6 8 10 11 15 17 18 20 21 23 26 31 33 35 36 40 
3 4 6 8 10 19 25 27 30 31 32 35 39 
2 6 8 10 12 13 15 17 18 19 27 28 33 34 37 40 
2 6 7 8 12 16 17 21 22 23 24 25 27 32 33 35 36 37 38 40 
2 4 6 7 13 15 16 19 20 23 25 29 30 31 34 37 38 
2 5 9 10 12 13 14 16 17 25 27 28 30 31 35 36 39 40 
3 5 7 10 12 13 15 17 18 21 23 27 31 32 34 38 39 40 
10 12 14 15 18 22 26 27 29 31 32 34 37 40 
3 4 5 6 9 10 11 12 14 15 17 20 24 26 27 28 30 31 32 33 35 36 37 38 
1 3 4 7 8 11 13 15 16 19 21 22 23 24 25 28 30 31 32 34 36 38 
5 7 11 12 15 17 18 19 20 25 28 31 32 33 35 36 38 39 40 
1 3 4 5 7 9 13 15 17 20 21 24 26 28 29 31 35 39 
1 4 5 6 7 8 11 14 16 21 23 27 29 31 36 37 39 
1 3 9 10 12 16 19 20 29 34 38 39 40 
1 3 8 10 12 15 17 18 19 22 24 26 28 29 34 37 38 40 
3 4 6 10 12 15 16 19 20 21 22 23 25 26 30 37 39 
1 2 3 11 15 18 19 20 21 24 26 28 30 32 33 36 37 38 40 
5 7 8 9 13 14 15 17 19 20 22 23 27 30 32 33 34 38 39 
1 4 5 6 11 12 14 15 17 19 21 22 23 29 30 31 33 35 37 38 40 
3 6 9 11 14 15 16 17 18 20 21 23 29 37 38 
1 2 3 6 8 10 11 12 13 14 15 16 17 18 19 20 22 23 24 25 26 28 33 35 36 37 38 40 
1 3 4 5 7 9 10 12 13 17 18 23 26 27 28 30 32 34 36 37 38 39 
1 2 4 5 6 7 11 13 15 16 17 18 19 20 21 22 25 27 31 35 36 
2 3 6 7 8 11 13 14 15 16 18 21 22 25 26 29 31 33 35 37 38 39 40 
1 2 3 4 6 7 8 10 11 13 14 15 16 17 19 21 22 23 25 26 28 29 30 31 32 37 38 
1 3 4 7 8 9 10 12 13 14 20 21 22 24 26 29 30 31 33 35 36 38 39 
1 3 5 6 8 9 11 13 18 19 20 22 24 26 27 30 31 33 35 36 37 
3 5 6 7 8 9 10 13 19 22 23 24 26 27 32 33 36 40 
2 3 4 6 10 12 13 15 16 19 21 23 24 25 26 28 31 33 35 36 39 40 
1 3 4 5 7 13 15 17 18 19 20 22 25 29 32 36 37 38 
1 2 3 5 6 7 8 10 12 13 17 24 25 27 28 29 32 34 37 
2 6 7 8 12 13 15 20 24 25 26 27 28 29 30 31 32 33 37 38 
1 2 5 7 12 13 15 18 22 23 24 25 26 27 29 30 31 35 38 39 
2 3 5 9 11 12 13 14 15 19 22 24 26 27 29 30 31 32 34 35 38 
2 4 7 8 11 15 17 18 19 22 23 24 26 28 30 31 32 36 
7 8 10 14 15 17 20 21 22 25 26 27 29 30 35 37 39 
3 4 5 6 8 9 11 12 13 16 18 20 21 22 28 29 31 32 33 34 35 37 39 40 
4 5 6 8 11 12 14 16 20 21 22 23 24 28 29 30 31 34 35 36 37 38 39 
1 2 11 18 20 26 27 32 34 35 39 40 
2 3 7 8 10 12 15 16 22 24 25 27 28 29 30 32 33 34 38 39 40 
1 3 5 6 8 9 12 13 14 16 18 20 21 22 33 35 37 38 39 40 
5 6 8 13 15 18 20 21 25 26 27 28 29 30 32 33 34 35 36 37 
1 6 7 9 12 13 14 20 21 23 24 25 28 30 32 34 36 37 39 40 
1 2 3 7 9 12 13 14 15 16 17 19 21 24 25 27 30 31 32 33 34 38 39 
3 4 5 6 8 11 13 14 15 19 22 24 25 26 30 31 34 35 38 39 
2 3 4 5 6 8 10 11 12 14 15 16 18 19 21 23 24 25 28 29 33 36 37 
2 3 4 5 6 8 9 19 20 21 30 31 33 36 38 39 40 
1 3 6 9 10 11 17 18 19 21 28 31 32 33 39 40 
1 2 4 5 6 7 10 11 12 13 14 18 19 26 27 30 31 33 35 36 38 39 
5 6 7 8 10 11 17 18 19 20 24 26 27 28 29 30 37 38 
4 8 10 12 13 15 16 20 22 23 24 30 31 35 36 37 39 
4 5 8 9 10 14 18 19 21 25 26 27 29 31 32 33 34 35 36 38 39 40 
2 4 6 8 10 11 12 13 15 17 18 19 20 22 23 27 29 30 31 34 35 38 
2 3 4 5 6 9 13 18 20 23 25 27 30 34 35 37 38 
4 5 7 8 10 13 18 20 21 23 24 25 27 28 29 31 32 35 36 38 
1 2 3 4 6 7 11 12 14 17 18 22 24 25 26 31 32 33 36 
1 2 8 9 10 11 12 15 19 28 30 34 35 38 
4 7 8 9 11 12 13 14 15 18 19 22 28 29 32 33 36 39 40 
1 5 6 7 9 10 12 13 15 16 17 18 19 20 21 23 24 26 28 29 31 32 33 36 37 39 
1 2 3 6 7 8 9 11 12 13 15 18 20 22 23 29 31 32 40 
5 6 7 8 9 14 21 22 23 24 25 26 27 30 32 33 34 35 36 
4 5 8 9 11 12 13 14 16 17 19 21 22 24 26 30 31 33 35 36 37 38 39 40 
1 2 4 7 11 15 22 23 25 30 31 33 36 40 
2 3 5 6 13 14 17 19 20 21 23 25 27 28 31 32 33 34 35 37 38 39 
1 2 6 7 8 10 12 14 15 16 17 20 21 23 24 26 29 32 33 34 35 40 
2 3 6 7 9 10 12 13 16 19 22 24 25 26 28 29 31 33 34 37 39 
1 2 5 6 7 10 11 12 13 14 17 18 22 24 25 26 29 30 31 33 34 35 36 38 
1 2 6 8 13 14 15 16 17 20 21 22 23 24 25 26 27 29 31 34 36 37 38 39 
2 5 6 8 12 15 18 21 22 25 27 29 30 31 32 34 36 39 40 
1 6 9 11 12 15 16 19 20 21 22 25 26 29 30 36 38 39 
2 5 6 7 9 12 13 14 16 17 18 19 20 21 22 24 25 28 29 33 35 37 38 
3 4 5 6 10 11 12 14 17 20 24 26 27 28 32 35 
3 5 10 11 13 16 17 21 22 23 24 26 27 28 29 31 32 34 35 36 37 38 39 
6 7 8 9 11 12 14 15 18 19 21 22 23 28 29 30 32 35 39 
2 5 6 7 9 11 12 13 17 18 19 25 26 27 28 30 31 32 34 35 38 
1 8 11 13 14 15 16 20 21 23 25 26 29 30 33 35 37 38 39 
2 3 4 7 12 14 15 16 21 22 23 25 27 28 29 31 32 34 36 37 38 
5 6 8 11 12 13 16 18 19 22 26 29 30 33 34 37 38 39 
1 2 3 6 7 8 9 11 13 16 18 22 25 28 29 30 32 36 38 39 
2 3 5 7 9 10 12 13 14 18 20 21 25 26 27 31 32 34 36 37 39 40 
4 5 6 7 9 11 12 13 14 16 17 19 20 21 31 33 34 35 37 38 40 
1 5 6 8 12 14 16 17 20 21 24 25 26 27 30 31 33 34 35 36 38 39 40 
3 7 8 12 13 17 19 22 24 25 27 28 30 31 33 35 37 38 40 
4 5 6 10 18 19 20 24 26 27 29 30 32 35 38 40 
1 3 5 6 11 12 13 14 16 17 18 19 20 21 34 35 37 
1 5 6 7 12 17 19 20 21 22 24 27 28 30 34 37 38 40 
3 5 6 8 9 11 12 13 16 17 19 20 22 23 28 31 33 35 36 38 39 40 
1 2 4 7 8 11 12 15 16 20 23 25 26 30 31 32 34 35 37 39 
2 3 4 6 7 11 12 14 15 16 19 22 24 32 34 36 37 38 40 
2 3 4 7 8 9 11 12 14 18 19 21 23 25 27 28 33 37 38 39 
2 4 8 9 14 18 20 21 22 30 33 34 36 37 
1 2 3 5 6 12 19 21 22 24 27 29 30 32 34 36 37 
1 2 5 9 13 16 19 20 22 23 24 25 26 28 29 33 37 38 
1 2 3 5 7 8 10 12 16 17 19 20 21 23 25 27 34 37 38 39 
1 4 5 7 8 10 13 14 15 16 17 18 19 23 24 25 26 27 29 31 33 34 36 38 39 40 
2 3 5 7 8 13 14 18 19 23 26 29 30 37 38 39 40 
1 4 5 7 13 14 15 16 18 19 20 23 24 26 28 29 30 31 32 33 34 35 36 37 38 39 
1 2 3 4 5 9 10 11 12 14 15 16 17 18 20 21 22 26 28 31 40 
6 8 13 14 21 23 25 26 30 33 34 35 39 40 
1 3 5 8 13 14 16 17 19 20 21 23 24 25 27 29 30 31 32 34 35 39 
1 2 7 8 10 12 16 19 20 22 23 26 27 28 29 31 35 36 37 38 39 40 
2 6 8 10 11 12 14 15 16 17 19 20 21 24 26 29 30 31 32 33 35 38 
1 4 5 7 8 11 13 15 16 17 19 20 21 22 29 31 32 35 36 40 
6 13 14 15 16 17 19 21 24 26 28 31 32 35 38 39 40 
3 4 11 13 14 16 19 22 23 25 27 28 29 31 32 34 35 37 39 
1 2 6 7 8 10 11 12 14 15 18 23 24 25 27 28 30 32 33 35 36 37 38 39 
5 9 11 12 15 16 17 18 19 21 23 24 26 27 29 31 32 33 35 36 
1 2 3 4 5 6 7 8 9 10 11 12 14 18 20 21 23 24 30 31 34 36 40 
3 8 11 12 13 15 17 25 26 28 30 32 35 37 39 
2 4 5 6 7 9 10 11 13 16 17 22 27 28 31 32 33 37 38 40 
1 4 8 10 12 14 15 16 20 24 26 27 28 29 30 32 33 34 36 37 38 39 40 
2 4 8 12 15 18 22 23 28 30 32 34 36 38 40 
3 6 9 10 12 14 15 16 17 18 20 22 23 24 27 28 32 37 
1 2 3 4 6 7 9 10 13 14 15 16 17 18 19 22 23 24 28 29 30 34 37 38 40 
2 4 5 6 7 8 9 11 13 14 15 16 18 22 24 27 28 29 30 32 33 35 36 38 
1 2 3 6 7 12 16 17 18 21 22 24 25 28 30 31 32 34 36 37 38 40 
2 3 4 5 7 8 12 13 15 16 19 20 22 23 27 28 29 32 34 35 36 39 
2 3 4 6 10 13 14 16 18 19 27 28 29 30 31 32 33 34 37 38 39 40 
6 7 8 11 13 15 17 21 22 23 24 25 28 30 31 33 38 
3 4 5 6 10 11 12 15 16 20 22 23 27 28 29 34 35 36 39 40 
2 8 12 13 18 19 20 26 31 33 36 38 
7 8 9 10 11 14 17 18 21 22 24 25 26 27 29 34 37 39 
2 3 5 6 7 9 14 16 17 18 19 25 26 29 32 34 35 39 40 
2 4 5 6 8 12 13 14 15 16 20 21 22 26 28 29 34 35 36 40 
1 3 5 8 9 11 13 16 17 18 20 21 22 23 24 25 27 29 32 33 35 38 40 
2 3 4 6 7 8 10 11 12 13 14 15 18 19 20 22 27 29 30 31 34 36 40 
2 6 8 12 13 15 16 18 19 21 22 24 25 27 29 32 33 38 40 
11 14 15 16 17 18 19 21 23 28 33 35 38 
1 2 3 5 6 8 9 12 16 18 19 20 21 22 25 31 32 33 34 38 40 
2 3 8 9 10 11 12 13 14 15 16 18 21 23 25 26 27 29 33 35 37 38 40 
1 2 3 6 8 16 17 18 21 22 28 29 30 32 34 35 36 40 
2 3 4 5 7 9 10 11 12 13 16 17 18 19 22 27 29 30 33 34 35 36 39 40 
2 4 7 8 9 10 11 12 14 17 18 21 22 23 24 25 26 27 28 29 30 31 33 34 35 
2 3 5 8 12 13 16 17 22 23 25 26 28 29 30 31 32 33 34 35 36 37 38 39 
6 8 13 15 16 18 25 26 30 32 33 36 
1 2 5 8 12 17 19 25 28 29 30 33 34 36 37 38 
2 3 4 7 13 14 15 17 18 20 22 24 25 26 29 32 33 34 35 37 38 39 
9 11 12 13 19 21 22 24 25 27 29 32 34 35 37 38 39 40 
2 3 7 8 10 11 15 16 19 20 21 22 23 24 26 27 29 33 35 39 
3 6 8 9 10 12 13 18 19 20 21 24 29 30 31 35 38 39 40 
1 2 8 9 10 13 14 16 17 19 20 21 22 24 26 30 31 33 34 36 37 38 39 40 
1 5 6 8 12 13 17 19 20 22 23 27 30 33 34 
1 2 3 4 9 10 13 14 18 19 21 23 24 25 26 28 30 31 34 35 36 39 
1 2 4 7 9 13 14 15 16 18 21 23 24 30 33 35 37 
3 5 8 12 13 14 16 17 20 21 22 23 24 25 27 28 32 36 37 38 39 40 
1 2 3 4 6 7 8 9 10 12 13 15 17 19 21 23 24 26 29 30 33 34 35 
1 4 11 13 14 15 17 18 19 21 22 23 25 27 28 29 31 32 34 36 
1 2 4 6 7 9 13 16 17 20 24 25 27 28 31 32 36 38 39 40 
1 2 3 4 6 7 8 10 14 16 17 18 19 20 21 23 24 25 26 27 29 33 39 40 
1 3 7 8 9 13 14 16 17 18 19 20 21 24 25 26 27 30 32 33 34 35 36 38 40 
3 5 9 10 14 16 17 18 19 23 28 29 30 32 33 35 40 
1 5 6 7 8 10 12 15 19 20 23 24 25 26 34 36 37 40 
1 3 5 6 7 8 10 11 14 16 19 23 24 25 28 29 32 35 36 38 40 
1 2 6 10 11 12 15 18 19 20 21 24 25 26 29 31 36 37 
3 7 8 9 10 13 14 15 16 17 18 19 22 26 27 28 29 30 31 34 35 36 37 38 40 
3 4 5 6 9 10 11 14 15 16 21 27 29 30 32 33 35 40 
1 3 7 12 13 16 23 24 25 26 27 29 32 33 34 35 37 39 
1 4 7 11 12 16 19 22 26 30 31 34 37 39 40 
2 3 6 7 8 10 11 15 21 23 24 25 28 29 32 37 39 40 
1 5 8 9 10 14 15 17 19 20 22 27 28 36 37 
2 5 6 7 8 9 11 12 17 19 20 21 22 26 28 29 32 33 38 39 
1 3 5 6 8 10 11 12 13 14 15 16 19 20 21 22 23 26 29 30 32 34 35 36 38 40 
2 3 4 6 10 12 14 15 17 18 19 21 24 26 27 28 29 32 33 34 40 
2 3 5 7 9 10 11 15 17 18 19 21 23 25 26 27 28 29 30 31 32 33 40 
6 8 9 11 13 15 17 18 20 24 26 27 28 29 30 33 36 38 39 
2 3 4 5 6 9 11 17 22 23 27 29 30 32 34 36 38 40 
1 2 6 7 8 10 12 14 18 21 22 23 26 27 29 32 
2 3 4 5 7 10 12 13 15 18 20 21 23 25 26 28 31 32 33 36 
5 7 9 14 15 16 20 22 24 26 30 31 32 33 38 
2 3 7 10 11 12 13 14 15 17 18 20 21 22 23 25 26 27 28 29 30 31 33 34 35 39 40 
2 4 7 9 12 13 15 16 18 20 23 26 27 30 32 35 39 40 
1 2 7 8 10 11 12 15 16 17 18 19 21 23 25 27 28 29 31 32 34 36 37 40 
2 3 6 7 10 11 13 14 16 17 18 21 26 28 30 32 34 35 36 39 40 
2 4 10 11 14 15 18 21 22 28 32 33 34 37 38 
2 7 13 14 15 19 20 21 22 23 24 26 27 30 34 36 40 
2 3 4 5 6 9 10 19 22 23 24 26 28 32 33 35 37 38 40 
2 5 8 10 11 12 14 15 17 18 19 21 22 27 28 29 32 33 35 36 37 39 
1 2 3 5 6 12 16 18 19 20 25 26 27 28 29 33 34 36 38 39 40 
1 2 3 4 5 6 7 10 11 13 16 20 21 26 27 28 33 34 35 39 
2 4 6 7 10 11 12 13 16 17 21 25 28 30 31 32 35 36 38 39 
3 9 13 17 18 24 26 27 28 29 31 34 35 36 
1 3 11 12 13 14 15 17 18 21 22 27 29 30 32 35 36 40 
1 2 4 5 9 10 13 14 16 19 22 23 26 27 28 30 33 35 37 38 39 40 
1 4 5 6 7 8 9 10 11 13 15 17 21 25 27 29 30 32 33 34 35 36 39 40 
2 3 7 8 9 12 15 16 18 19 21 22 23 24 25 29 31 34 37 38 39 
4 7 13 15 18 22 24 29 31 34 35 38 40 
2 5 6 7 8 11 12 14 16 17 21 23 24 25 36 38 39 
2 4 7 8 9 10 14 15 16 18 19 22 24 25 26 30 31 32 40 
1 2 3 4 5 7 8 9 10 11 12 13 14 16 17 18 20 24 26 27 28 31 32 35 37 38 39 40 
1 5 8 9 11 12 13 15 17 19 27 29 30 34 38 40 
1 3 5 6 7 8 9 10 16 17 19 22 23 24 25 26 27 29 32 35 37 38 40 
1 3 4 5 8 9 11 13 14 17 18 23 25 27 29 30 31 33 36 37 38 40 
1 2 3 4 5 6 8 10 11 14 16 18 19 21 23 25 27 30 32 34 37 38 40 
1 4 5 7 8 9 10 12 13 14 15 17 18 19 20 21 22 23 26 29 31 33 35 36 37 38 39 
1 2 6 15 18 21 22 24 25 28 30 33 35 36 38 40 
2 3 4 5 7 8 11 12 13 14 15 17 19 20 21 22 25 29 30 31 33 37 38 40 
4 6 8 9 10 11 15 16 22 23 25 30 32 35 36 37 39 
1 4 5 6 8 9 10 11 12 13 14 15 16 18 21 22 26 28 31 32 34 40 
2 4 6 11 12 13 14 16 17 18 20 23 24 26 28 30 32 33 35 36 38 39 40 
3 4 5 6 10 16 17 18 19 20 25 28 29 31 32 34 35 36 39 
1 2 6 13 17 18 20 24 25 30 34 35 36 37 38 40 
1 9 10 12 14 16 19 22 26 28 31 36 39 40 
1 3 4 6 8 9 13 14 20 23 25 26 27 29 30 34 35 36 37 40 
2 4 7 8 9 12 14 15 17 18 27 28 29 31 32 36 37 38 
1 2 5 11 14 15 16 17 18 20 22 23 25 26 28 29 32 38 39 
2 3 6 9 11 12 17 20 22 23 29 31 33 36 37 38 39 40 
1 2 4 6 10 11 13 15 19 20 21 22 23 25 27 31 33 35 37 39 40 
2 4 5 6 9 13 14 16 19 23 26 28 30 31 32 33 34 37 38 39 40 
1 2 3 4 9 11 12 20 21 28 29 31 32 35 36 37 
5 7 9 15 16 19 21 23 24 25 31 35 36 38 39 
1 7 9 11 12 15 19 23 24 25 27 29 33 34 38 39 
1 2 11 15 16 17 18 19 26 28 35 36 37 38 
1 2 4 6 7 8 12 13 14 15 19 23 24 25 27 29 33 34 36 38 39 
1 4 8 9 10 12 13 14 15 16 19 21 22 25 26 27 28 29 32 35 38 39 
1 2 3 4 5 7 10 11 12 13 14 15 16 17 20 22 23 24 26 27 28 31 34 35 36 39 
4 8 10 12 17 25 26 29 30 32 34 35 36 40 
1 2 3 5 6 7 9 11 12 17 18 19 21 22 23 25 26 27 29 30 32 33 36 37 40 
3 8 11 14 16 21 23 24 25 26 27 28 30 36 37 40 
1 7 8 9 11 13 14 16 18 22 23 25 26 27 29 32 33 34 35 38 
1 2 4 6 12 17 18 22 24 25 28 31 32 33 37 39 40 
2 7 8 9 10 11 12 14 15 18 19 20 23 30 32 33 34 35 38 
2 6 7 9 11 12 14 16 17 19 20 21 22 23 24 25 28 29 30 33 34 35 
2 3 7 15 17 18 20 24 25 27 29 30 32 33 34 35 36 40 
1 2 5 7 8 11 12 13 16 21 23 24 25 28 30 32 33 36 37 38 39 40 
3 5 6 7 10 11 17 21 25 28 29 31 35 
1 2 3 4 5 6 8 10 11 14 16 17 18 20 21 26 27 28 31 33 34 36 38 39 
1 3 4 5 8 9 10 12 16 17 19 20 24 25 26 28 30 31 33 40 
1 4 8 10 13 15 23 24 25 27 29 30 31 34 35 36 37 
1 3 6 9 12 13 14 16 18 19 20 24 26 28 29 31 33 34 36 39 
1 3 4 7 8 9 14 15 16 17 18 21 24 26 27 29 32 33 34 35 36 38 
2 10 12 14 15 16 19 20 22 25 27 28 29 31 32 33 35 36 37 40 
2 4 11 12 13 14 15 16 18 21 22 24 25 30 33 34 35 36 38 
2 3 4 5 6 10 11 15 17 18 23 25 26 30 33 37 38 39 
2 5 6 9 13 14 17 18 19 20 23 27 32 33 34 39 40 
2 4 5 7 8 9 13 17 18 20 24 25 28 31 32 36 38 39 
1 2 3 5 6 10 11 12 15 17 20 21 23 26 30 31 32 34 35 36 40 
1 3 4 8 11 14 17 18 19 21 22 23 25 27 28 29 32 33 35 37 38 40 
2 3 4 5 8 13 15 16 18 19 25 30 33 35 36 37 38 39 40 
2 4 5 7 8 9 11 12 28 29 30 32 36 37 38 
5 7 9 10 13 14 15 17 18 21 23 25 26 27 29 30 31 33 36 38 40 
1 3 7 8 9 11 12 14 15 18 19 20 21 23 24 29 30 31 32 33 36 39 40 
2 4 5 8 9 10 12 13 14 15 17 20 21 22 23 24 29 30 31 32 36 37 38 39 
2 3 4 5 8 9 10 11 12 13 19 21 23 25 29 30 32 33 34 35 38 
2 5 6 7 10 11 15 19 20 22 24 27 28 29 30 32 34 35 36 37 39 40 
1 3 4 6 8 9 11 12 14 15 17 19 21 23 24 25 28 29 31 35 37 39 
1 2 4 5 10 12 15 16 17 19 20 21 23 26 27 28 29 31 32 33 34 35 36 37 38 
1 2 3 5 7 8 9 10 11 13 15 17 19 23 26 29 30 31 32 35 36 40 
1 2 4 5 7 8 9 11 13 15 17 18 19 21 23 24 25 28 29 30 32 33 34 35 38 
1 3 6 7 9 11 13 14 16 18 19 22 23 26 27 29 30 32 34 36 37 40 
2 3 9 15 17 19 20 24 25 26 28 29 31 32 35 36 39 40 
1 3 4 7 8 9 12 15 19 24 25 26 29 32 33 34 36 37 
2 4 5 9 11 13 14 15 16 18 20 21 23 24 29 33 34 35 40 
6 7 8 11 12 13 14 15 17 18 21 22 25 26 28 29 32 33 34 35 36 38 39 
1 5 6 11 14 17 20 24 26 27 29 30 32 34 36 37 40 
2 5 6 7 9 11 13 15 17 19 21 24 25 28 29 30 34 35 36 40 
3 4 5 7 10 13 15 20 21 22 23 26 27 34 37 38 39 40 
1 3 4 6 8 9 12 13 14 15 16 17 18 21 23 24 28 29 30 31 33 34 35 36 39 
1 3 5 7 11 15 16 17 19 21 22 26 27 29 30 31 33 35 36 38 40 
1 2 3 7 8 12 13 15 18 19 21 23 25 28 29 30 31 34 37 40 
2 4 7 8 9 11 12 13 15 16 17 19 20 21 23 24 25 26 27 28 30 35 38 39 
1 2 6 8 10 12 13 14 17 18 19 22 26 28 29 31 33 34 36 38 
1 5 7 9 10 17 18 21 22 23 24 25 26 30 33 35 36 37 38 40 
1 2 3 4 5 7 8 10 11 13 14 15 19 20 21 22 24 26 28 29 31 32 34 35 38 39 
2 4 5 9 11 15 16 19 20 21 22 23 26 27 29 30 31 32 33 34 39 40 
3 7 8 10 11 12 14 16 17 19 20 21 26 27 29 32 33 36 39 
2 3 4 5 9 13 16 19 20 22 23 24 26 28 30 31 33 35 38 39 40 
1 3 4 5 9 12 15 17 18 19 21 23 27 28 30 36 40 
1 6 8 9 10 11 12 15 18 19 21 22 23 24 26 27 29 32 34 37 40 
4 5 6 8 10 11 12 14 18 19 20 21 22 23 30 31 34 35 36 37 38 40 
3 4 5 7 8 9 11 12 14 18 24 26 28 33 36 37 38 40 
9 20 23 24 29 30 32 36 38 39 40 
2 6 11 14 15 20 21 22 23 25 26 27 31 32 33 34 35 38 40 
3 5 6 7 9 12 13 16 20 22 25 26 27 29 30 31 33 34 36 38 39 
1 4 5 7 8 9 10 12 13 14 17 19 21 22 26 27 28 31 32 35 36 37 39 
1 3 4 5 7 8 10 11 12 13 15 16 18 19 20 23 24 25 29 34 35 36 
2 4 7 11 15 16 20 21 22 23 26 27 29 34 35 37 38 39 
2 4 7 8 13 15 16 18 20 21 24 25 28 30 31 32 33 36 37 
2 3 4 6 8 9 10 12 13 15 16 17 20 22 23 24 26 28 29 30 32 33 37 38 39 
2 3 6 11 14 15 19 20 21 22 23 24 26 27 28 31 32 35 36 37 38 40 
1 2 6 7 8 14 17 18 20 22 27 28 35 36 38 
1 2 5 6 8 10 11 12 14 15 20 22 23 28 30 31 37 39 
1 2 3 5 6 9 10 14 20 27 31 32 33 34 35 36 37 39 
1 2 4 9 12 13 14 15 16 17 18 19 20 21 22 24 26 28 32 33 35 39 40 
2 5 10 12 13 20 27 28 29 31 34 35 37 39 40 
1 3 4 9 10 11 13 14 15 16 17 18 20 24 27 28 29 31 35 37 39 40 
9 10 11 12 14 17 18 19 24 25 26 27 29 32 35 37 38 39 40 
3 4 5 8 11 13 14 15 18 19 22 23 26 30 33 34 36 37 
1 3 5 6 10 11 12 13 14 15 16 17 18 20 22 23 27 29 30 31 32 34 35 37 39 
2 4 6 7 9 10 14 16 18 19 20 21 22 24 25 26 27 28 32 34 38 
6 8 10 11 14 15 16 20 21 23 24 28 30 31 34 35 40 
5 6 7 9 10 13 14 19 20 21 22 23 25 27 30 31 32 33 34 36 38 39 
1 2 5 6 7 13 14 15 17 19 21 22 29 31 32 33 35 38 39 40 
1 2 3 5 8 9 11 14 16 21 22 24 29 31 32 33 34 36 39 40 
2 4 9 11 13 15 16 20 22 24 26 27 28 29 30 31 34 36 40 
5 7 8 9 11 12 13 14 16 20 22 24 26 29 30 33 35 37 38 39 
1 2 3 4 8 9 11 12 17 20 22 24 25 26 28 29 30 32 33 34 35 36 40 
2 3 4 5 6 7 9 11 15 17 18 19 22 23 30 33 35 37 39 
1 2 5 7 10 11 12 13 14 15 19 21 22 23 26 27 28 32 33 36 38 
2 3 5 8 9 10 12 13 15 17 18 21 24 26 29 30 31 32 33 35 36 37 40 
4 5 7 11 13 16 19 20 21 25 28 30 32 34 36 37 39 
1 2 3 5 10 12 13 14 15 17 18 19 20 23 25 26 27 30 31 
4 6 8 10 11 12 14 15 16 20 24 25 26 29 32 37 
2 3 4 7 11 12 13 14 20 22 25 27 30 31 32 35 37 40 
5 8 11 15 16 18 20 21 22 23 24 25 29 30 32 34 35 
1 2 3 4 5 9 11 14 16 18 19 20 22 24 25 27 28 30 33 34 35 36 
4 6 9 10 11 14 15 16 19 24 26 27 28 29 30 31 32 33 34 35 37 39 
3 6 8 11 13 17 19 23 24 26 28 29 34 38 
2 5 6 7 11 16 17 20 21 22 23 24 25 28 31 32 34 35 36 37 38 
2 3 5 7 9 10 16 18 19 20 21 23 26 30 31 32 34 36 37 38 39 
1 3 4 5 6 7 8 9 14 15 18 21 22 24 27 33 34 35 37 
1 3 5 6 7 8 10 14 18 19 21 23 25 26 27 28 29 30 31 32 35 38 
2 3 6 7 8 9 11 12 15 18 20 28 29 30 32 34 37 
1 2 3 6 7 9 10 12 13 14 15 18 19 20 21 22 24 25 26 27 28 31 32 33 34 35 37 
3 6 8 9 13 14 16 17 18 19 21 22 23 24 27 29 32 34 35 37 38 39 
1 2 7 8 11 13 15 16 17 18 19 20 21 23 24 25 28 29 30 31 32 34 37 39 40 
1 2 3 4 6 7 9 10 11 14 15 16 17 18 20 21 22 23 26 27 29 32 33 34 35 37 38 
9 23 24 26 27 29 31 37 38 39 
1 2 3 4 5 6 7 9 10 11 13 14 20 21 23 24 26 27 28 29 31 32 35 40 
1 2 3 4 5 7 8 10 13 15 16 18 19 22 25 35 40 
6 7 11 15 16 17 18 19 21 22 25 28 30 32 35 36 37 38 40 
1 4 8 10 11 15 16 20 21 29 30 31 32 34 36 38 39 40 
3 4 7 8 10 11 12 13 16 19 20 21 23 24 27 30 31 33 38 
1 2 4 5 9 12 14 17 19 20 23 24 26 29 31 32 35 36 38 39 40 
1 3 4 9 10 15 16 19 20 23 24 27 28 30 31 32 34 35 36 37 38 
2 3 4 6 7 8 9 11 12 16 17 18 23 24 27 28 29 31 32 33 34 36 38 39 
2 3 5 6 8 9 10 11 12 14 15 16 17 18 21 26 28 29 37 39 40 
1 2 4 6 7 12 13 14 15 17 18 20 24 25 26 28 29 30 31 32 33 34 36 37 39 40 
2 4 6 7 8 9 10 13 17 18 19 24 26 27 31 32 34 36 37 38 40 
2 6 7 8 11 15 17 18 19 22 23 24 28 29 31 33 38 39 40 
2 6 9 11 13 15 16 17 18 19 20 23 25 29 30 31 33 34 37 39 40 
2 3 5 6 7 9 10 13 14 15 17 18 19 24 32 34 40 
2 4 6 7 8 9 12 13 16 17 23 26 29 30 33 35 36 39 
1 4 5 6 9 15 16 18 20 21 22 25 26 34 37 38 40 
1 3 4 13 14 15 16 17 18 19 21 22 23 24 25 28 30 31 32 33 34 35 37 38 
1 2 3 4 5 6 10 13 17 18 23 24 27 28 30 31 32 33 34 36 37 38 39 
1 4 8 14 15 17 19 22 23 25 28 32 33 34 35 38 39 40 
6 7 8 9 10 11 12 13 14 15 16 19 22 23 25 26 30 35 36 38 40 
2 3 4 5 8 9 10 11 12 14 15 16 17 20 25 26 27 34 36 37 38 39 
1 2 3 4 5 7 8 9 10 11 12 13 15 17 18 19 24 28 30 31 33 35 36 37 
1 3 5 7 8 9 11 13 15 16 17 18 23 24 25 27 28 30 31 32 33 35 39 40 
5 8 10 14 15 17 19 20 23 24 27 28 30 31 32 35 36 37 38 39 
1 4 9 11 12 13 14 17 18 20 23 24 25 26 27 28 31 33 35 37 40 
1 3 4 7 10 12 18 20 21 26 29 37 38 39 
1 7 9 14 15 16 17 18 19 22 24 27 28 29 30 31 32 33 34 36 39 
1 3 4 5 6 7 11 12 13 14 17 18 19 21 22 26 28 32 33 37 
1 3 4 5 6 8 11 12 13 14 16 17 21 22 26 27 29 33 36 
6 7 9 12 14 19 20 22 24 26 27 30 31 32 34 36 37 38 39 40 
3 6 7 8 9 10 12 13 14 16 18 19 21 22 27 30 32 33 34 36 
1 2 3 4 5 8 11 12 16 17 20 23 28 31 32 33 36 37 38 39 
3 4 5 7 8 10 11 14 17 27 29 30 34 37 38 
1 3 4 6 9 16 18 20 22 24 26 27 28 29 31 33 37 39 
2 4 6 8 10 11 12 16 17 18 19 21 24 25 26 28 29 31 32 33 35 38 40 
2 4 5 9 10 13 15 18 23 25 28 29 32 33 34 37 
1 3 5 7 9 10 14 15 18 20 24 26 28 30 34 38 
1 2 3 5 6 7 8 9 10 16 18 19 23 24 25 29 30 32 33 39 
12 15 17 19 20 23 24 27 28 30 31 32 34 38 40 
2 3 6 7 8 9 10 12 13 16 18 22 24 29 30 35 37 39 40 
5 6 8 9 11 13 14 15 19 20 21 22 24 26 27 36 37 40 
1 2 3 11 12 13 17 19 30 31 34 40 
1 2 3 4 7 8 9 10 11 12 13 14 17 20 25 28 30 31 35 38 39 40 
8 10 14 16 22 23 24 26 27 30 32 34 35 40 
1 2 5 7 8 11 13 14 15 26 27 31 34 37 38 39 
2 3 6 7 9 10 13 14 15 17 18 21 23 24 27 36 37 38 
1 2 3 6 7 9 11 12 15 16 17 22 25 26 28 30 31 32 35 36 
2 3 4 7 9 12 13 15 16 17 19 21 23 24 25 28 29 30 31 33 36 38 
1 3 4 6 8 12 13 19 20 24 25 27 29 30 32 35 37 38 
1 3 4 5 7 8 13 14 15 16 17 18 19 21 22 25 26 27 29 30 31 32 38 40 
2 3 5 7 8 10 11 12 13 14 18 21 23 24 26 29 30 33 35 37 40 
2 4 5 6 7 11 12 13 14 15 17 19 22 24 26 28 31 32 35 37 38 
1 6 9 10 13 15 16 17 22 23 24 26 27 28 30 32 33 37 
2 3 5 6 9 12 14 18 19 20 22 24 26 27 28 29 32 34 36 37 38 39 40 
1 3 7 9 10 11 12 13 17 18 23 24 26 28 30 31 32 33 35 36 39 
3 7 11 12 17 19 21 22 23 24 26 30 31 32 37 38 39 40 
3 6 7 10 14 15 19 20 21 22 25 29 30 32 33 35 36 38 39 
4 10 13 14 15 17 20 21 24 30 31 34 39 40 
1 3 4 6 8 9 10 11 13 15 16 17 19 20 21 22 24 25 26 30 31 32 33 34 35 36 37 
1 3 5 9 10 14 15 16 17 18 19 20 21 22 23 28 30 31 32 33 35 38 
1 2 3 5 6 7 8 11 12 13 15 18 20 21 22 24 26 27 28 30 31 33 34 37 38 39 
1 3 4 5 6 8 10 11 12 14 15 16 20 23 24 26 28 30 32 33 35 37 38 39 40 
3 4 7 12 13 15 18 19 20 21 22 25 28 29 30 31 32 34 35 37 39 
1 3 4 5 7 12 14 15 16 17 18 19 22 23 25 26 28 29 30 31 32 40 