1 
-1 
18 36 
0 3 4 5 6 7 12 13 15 17 22 24 25 53 60 72 90 
2 8 9 10 11 16 19 20 21 23 26 28 29 30 31 32 33 34 35 38 39 44 46 48 51 54 55 58 61 65 73 74 78 81 84 89 
14 27 37 40 41 42 43 45 47 49 50 52 56 57 59 63 64 67 70 71 77 79 80 85 86 87 88 91 94 
62 66 68 69 75 76 82 83 92 93 
95 
-1 
68 83 
15 18 20 24 26 35 37 42 66 71 74 95 
1 3 5 6 8 11 13 17 28 29 31 36 41 50 51 56 61 62 65 84 86 
0 2 4 7 10 14 21 22 25 27 32 33 38 40 43 44 47 49 53 55 58 59 67 69 73 76 77 78 80 82 88 89 
9 12 16 19 23 30 34 39 45 46 48 52 54 57 60 63 64 70 72 75 79 81 85 87 90 91 92 93 94 
3 
0 1 2 4 5 6 7 8 9 10 11 12 13 14 15 16 17 19 20 22 23 24 25 27 29 30 31 33 34 35 38 40 44 48 49 51 69 
18 21 26 28 32 36 37 39 41 42 43 45 46 47 50 52 53 54 55 56 57 59 61 64 65 67 70 72 76 88 89 
58 60 62 63 66 68 71 73 74 75 77 78 79 80 81 82 83 84 85 86 87 90 91 92 93 94 95 
0 5 9 55 
1 2 3 4 6 7 11 13 14 15 16 18 19 21 22 23 24 26 28 32 34 36 37 38 39 41 42 43 44 46 47 50 53 54 56 57 58 60 62 63 64 65 67 70 71 74 75 81 82 87 95 
8 10 12 17 20 25 27 30 31 33 35 40 45 48 49 52 61 66 68 72 73 76 79 80 83 84 85 88 89 91 92 93 94 
29 59 77 78 86 
51 69 90 
31 
8 10 14 17 25 29 30 33 35 40 42 44 48 49 51 52 59 61 67 68 69 72 76 79 88 92 
1 4 5 6 7 9 11 12 13 16 18 19 20 21 22 23 24 26 27 32 34 36 37 38 41 43 45 46 47 50 54 57 62 63 64 65 66 70 73 74 75 77 78 80 82 83 84 85 86 87 89 90 91 93 94 95 
0 2 3 15 28 39 53 55 56 58 60 71 81 
